1.0 0.0 0.0 0.0 0.0 1.0 0.0 0.0 0.0 0.0 1.0 0.0
0.9999989479405804 6.747532928671588e-05 0.0014489875128131993 0.0039445217698812485 -6.75381580236476e-05 0.9999999967813533 4.33115533437503e-05 -0.00034202326787635684 -0.0014489845856880965 -4.34093697250373e-05 0.9999989492790965 0.7957788705825806
0.9999975281673361 0.00010941351612004142 0.002220740394623422 0.00914269616243057 -0.00010951196503316288 0.9999999930263017 4.421002163231351e-05 -0.0012390202095485438 -0.002220735541962734 -4.445310999698171e-05 0.9999975331757441 1.6257680008109765
0.9999963679513338 0.0002160630707770692 0.002686522080663614 0.016342782818225876 -0.0002164434117308926 0.9999999665955687 0.0001412837962563147 0.0004083007743828329 -0.002686491464711001 -0.00014186476311152016 0.9999963813124519 2.442342593018622
0.9999955664945122 0.00035544632923764185 0.002956458899887216 0.024891784609672025 -0.000356252793610554 0.9999998994796611 0.0002722583607750614 0.0038731609411605523 -0.0029563618294680227 -0.0002733104004584044 0.9999955926033666 3.2607526409240553
0.9999966828877412 0.00045396159354027066 0.0025353761822944844 0.029194029550491572 -0.0004548118965281422 0.9999998405245292 0.0003348089831485503 0.005136680712382118 -0.002535223787544652 -0.0003359609917994496 0.9999967298799327 4.078638177468404
0.9999976563178757 0.0005443285282197658 0.0020954868668421086 0.03404446488243565 -0.0005451618666572413 0.9999997725423931 0.0003971318437667654 0.005030621851748691 -0.002095270220015654 -0.0003982732925478455 0.9999977256079583 4.884816836951461
0.9999983108276898 0.0005734215450382941 0.0017462902103552902 0.036869046649887556 -0.0005741481349553735 0.9999997488138425 0.0004156033820717642 0.004714527860725455 -0.0017460514557778918 -0.00041660530931340547 0.9999983888708671 5.731870491483774
0.9999991004144881 0.0005745609414594263 0.0012120437034016363 0.038106756298952035 -0.0005750904142011255 0.9999997393520325 0.0004365396687852118 0.005385843158545131 -0.001211792568841827 -0.0004372363107958694 0.999999170191245 6.552143487257108
0.9999996908491606 0.0005805213265679185 0.0005303739930690806 0.04085902232893315 -0.00058079498556776 0.9999996982283977 0.0005159654036792572 0.0068453977584790075 -0.000530074304096664 -0.0005162732827237695 0.9999997262415273 7.4006908956684825
0.9999998133651593 0.0005636761533034063 0.00023566680029526272 0.037622199052840935 -0.0005637937860235247 0.9999997163778794 0.0004993803430654862 0.006399355625046977 -0.00023538524466413076 -0.0004995131173412937 0.9999998475402044 8.27713754143386
0.9999998137073556 0.0005155794821394523 -0.00032674615799072705 0.03948716729414366 -0.0005154256939634226 0.9999997564476566 0.00047057515962883043 0.0018442847433706219 0.0003269886973080436 -0.00047040665859890705 0.9999998358979701 9.145805681100175
0.9999996335996096 0.000487732102980158 -0.0007035041165907665 0.037579318283068285 -0.00048746106058548575 0.9999998069262601 0.0003853948057165166 -0.0017368221586741292 0.0007036919501816655 -0.0003850517336449095 0.999999678276349 9.98804870478483
0.9999989403494954 0.00043824972423203246 -0.0013882496408509735 0.03617087294208026 -0.0004377892480127297 0.9999998490642314 0.00033198205983995415 -0.0034740647529785617 0.0013883949223606222 -0.0003313739472886746 0.9999989812749042 10.83686898526003
0.9999981130134171 0.00044089391735178566 -0.0018919783715952783 0.03278768885928315 -0.00044038010832182827 0.9999998660460123 0.0002719803616895214 -0.0034455270722686046 0.0018920980326443395 -0.0002711466588260022 0.9999981732205934 11.685205773835232
0.9999944580368734 0.0003854756436509411 -0.0033068571284411777 0.030763526287083662 -0.00038492111032008877 0.999999911750917 0.00016832675557505071 -0.007697951417034595 0.003306921722478518 -0.00016705294359682844 0.9999945181659923 12.526586962452752
0.9999885146155424 0.0003138006127098954 -0.004782485355595397 0.028130435340262865 -0.0003135257275851198 0.9999999491556113 5.8227074959795366e-05 -0.012417819241041673 0.004782503384124653 -5.6726973998675196e-05 0.9999885621563033 13.401929018654968
0.999981350435327 0.00032843893830884085 -0.006098434996234094 0.023529367681837342 -0.00032843929096033827 0.9999999460633691 9.436656149759183e-07 -0.01580473450240692 0.006098434977241591 1.059317650108031e-06 0.999981404371954 14.256533687764003
0.9999716077189179 0.00033058753561673345 -0.007528244677458339 0.017192611586345184 -0.00033075127336904334 0.9999999450915724 -2.050479598407161e-05 -0.01883227830426106 0.007528237485464291 2.2994190319443765e-05 0.9999716621542977 15.091914619188193
0.9999587699830944 0.0003167077280168733 -0.009075132512075958 0.011928549157264916 -0.000317864249894372 0.9999999415435995 -0.00012599648998773785 -0.022656146437893945 0.009075092077514297 0.00012887595533896885 0.9999588121991685 15.935287606856848
0.9999473639549835 0.00032951123676173933 -0.01025479116435248 0.008710762110405761 -0.00033149157614188485 0.9999999267369203 -0.00019141444073986013 -0.02716976708735378 0.010254727339845799 0.0001948037423268178 0.9999473999259595 16.78987033762869
0.9999365294916612 0.00038272433739387855 -0.011260129228998713 0.00740425179107901 -0.00038586853075990514 0.9999998871712686 -0.00027706123198780407 -0.03283196991222948 0.011260021920456189 0.00028138857629232943 0.999936564351369 17.624187861244117
0.9999232016065284 0.0004076452800619674 -0.012386473036167796 0.006971826279123393 -0.00041129187814903194 0.9999998728295977 -0.00029185574952875226 -0.0384397127996166 0.012386352487356285 0.000296927791234751 0.9999232421070855 18.4506182887023
0.9999106329038461 0.0004642140557070766 -0.013360790064217535 0.003481154629070021 -0.00046952504562899677 0.9999998120085903 -0.00039437167075820123 -0.04255497498263096 0.013360604479631036 0.0004006096524717217 0.9999106628893627 19.248889017960487
0.9998951660205483 0.0005563937869147432 -0.014468842202938974 0.000395558724611487 -0.0005636189173714416 0.9999997185131972 -0.0004952850103478394 -0.045649140358817876 0.014468562556648329 0.0005033880008272807 0.9998951981573193 20.04251528940919
0.9998874648383064 0.0007538003186354363 -0.014982971811484004 -0.0025721370784126387 -0.0007607845899622267 0.9999996045948413 -0.0004604530031346307 -0.043360307344372045 0.014982618797519172 0.00047180000004748635 0.9998876429573115 20.824329046238294
0.9998768012640723 0.0008793313676274747 -0.015671919801744517 -0.008911530116286304 -0.0008873037249154733 0.9999994804657439 -0.0005017572532879809 -0.042747615927098595 0.01567147044875357 0.000515601190245298 0.9998770620278208 21.646621209370455
0.9998728504543271 0.0010375829737022876 -0.015912458826694238 -0.018464819042504653 -0.0010470441458055178 0.9999992800004721 -0.0005862568492175841 -0.040397607778800165 0.01591183907960643 0.0006028433537854204 0.9998732169415259 22.463846754968355
0.9998692994145942 0.00118657480201076 -0.016123775252938084 -0.02876290262165953 -0.0011976227015348044 0.9999990546624465 -0.0006755546439158657 -0.04079379380686911 0.016122958414409982 0.0006947765478057964 0.9998697752695178 23.297511417663618
0.9998710351993424 0.0012935361827502356 -0.01600748991998592 -0.04196359532626739 -0.0013053726523635154 0.9999988822750684 -0.0007290067565468035 -0.03858034643939729 0.016006529031398285 0.0007498084799103024 0.9998716061653169 24.12732419008141
0.9998659088024364 0.001407527362155367 -0.016315124314630634 -0.05307957649444908 -0.0014213906101611482 0.9999986385733218 -0.000838152870811801 -0.03987969018107932 0.0163139223796858 0.000861230646394041 0.999866548204491 24.947942907470345
0.9998608106894682 0.0015719203034528382 -0.016609886030854948 -0.05914242377905904 -0.0015866532429053073 0.9999983594509524 -0.000873857476621432 -0.040267776509560774 0.01660848514721242 0.0009000899745369024 0.9998616644612157 25.732542550518414
0.999851021031241 0.0016573673483992351 -0.017181061557889628 -0.06593351768586136 -0.0016728980293362207 0.9999982050022749 -0.0008896091334552847 -0.042240052676292814 0.017179556308792594 0.0009182187644260828 0.9998519989075052 26.523037843381772
0.999833064424634 0.0016830595591242063 -0.01819369653930741 -0.07458417894783727 -0.0016991471049025214 0.9999981790278594 -0.0008688153311309857 -0.043199263956476296 0.01819220114114471 0.0008995840617460369 0.9998341035222573 27.340480670343933
0.9997985172793943 0.0016687828871189362 -0.02000349993372941 -0.0845873164567315 -0.0016864449934809508 0.9999982028731007 -0.0008661142254400446 -0.0442082507657285 0.020002018628303902 0.0008996745207048832 0.9997995348251316 28.154714997553526
0.9997655534918626 0.001681036509160446 -0.02158731496418764 -0.09487468906502178 -0.001699085341511821 0.9999982221783612 -0.0008177708222814227 -0.04294047239561831 0.021585901883183604 0.000854257789185933 0.9997666323115204 28.92176101485384
0.9997326067715833 0.0017836247819120483 -0.023055013344839243 -0.10579817167621358 -0.0018006676924188477 0.9999981206828592 -0.0007184891159280487 -0.03927025465138902 0.023053688502164795 0.0007598114144820964 0.9997339396724807 29.669722154812252
0.9996998381177898 0.0018516058764643476 -0.024429597273422952 -0.11818055014698452 -0.0018678721511721898 0.999998048774284 -0.0006430406286439455 -0.0368527011337698 0.024428358947957737 0.0006884789767698932 0.9997013460408103 30.45185215092987
0.9996668220168268 0.0020010099793004955 -0.025734042003529696 -0.1312552813687379 -0.0020162013978135556 0.9999978081952058 -0.0005643905616901722 -0.03128273245589664 0.02573285624838692 0.0006160875306400157 0.9996686653814123 31.2219709845432
0.9996366036250289 0.00214049235814644 -0.026871527412489896 -0.14664915933161826 -0.002156118247395897 0.9999975229222743 -0.0005525426832783815 -0.0284410507447672 0.026870278136236807 0.0006102800818597301 0.9996387426020975 31.958972139218854
0.9996070926243247 0.0022748427090126364 -0.02793716996749084 -0.1612557699743008 -0.0022906991079743324 0.9999972329206289 -0.00053558256167189 -0.024510784279180048 0.02793587429703867 0.0005993677776569848 0.9996095376123253 32.68195319014835
0.999569727813403 0.0024364829958045064 -0.029230511279294425 -0.175880144749965 -0.0024524227124014465 0.9999968630252304 -0.000509472802490709 -0.02423980800049264 0.029229178262097977 0.0005809391602704181 0.9995725674746251 33.40029875261112
0.9995345669969387 0.0025889212400122684 -0.030396494288876398 -0.18932496674539967 -0.0026043598883755364 0.9999964989826703 -0.0004683289145848661 -0.02518677707300123 0.030395175403548882 0.0005472743493249163 0.999537810091731 34.09316973565482
0.9995096595024291 0.002696520718423756 -0.03119566215600831 -0.20592759976848946 -0.0027130095845007826 0.9999962015640065 -0.0004862474177641302 -0.02655930045964548 0.03119423248504609 0.0005706431213874601 0.9995131786155179 34.79782648482161
0.9995197183957601 0.0028248721779001733 -0.030860211198845064 -0.22628747678659544 -0.0028419276461785444 0.9999958322656595 -0.0005088207570886886 -0.02435963030477831 0.03085864522808289 0.0005962788672121102 0.9995235807454466 35.4776433552531
0.9995482604554905 0.002968260542644595 -0.02990759852867588 -0.24374563703913246 -0.0029839248880172077 0.9999954332978622 -0.0004791405652604543 -0.02197818687135352 0.029906039735547535 0.0005681661461102903 0.9995525528828215 36.153767668631325
0.9995850180915564 0.003059969394447847 -0.028643117745920852 -0.26344042229268283 -0.0030753710264503483 0.9999951491796537 -0.0004936701427546744 -0.020626476228917445 0.028641468187774757 0.0005815534929997032 0.9995895798254316 36.86230963729103
0.9996276048399839 0.003148044983753342 -0.027106114709707745 -0.28486679066197307 -0.0031635953186556673 0.9999948549350106 -0.0005308183916259969 -0.01804049766642446 0.02710430420681094 0.0006163734950286827 0.9996324208313668 37.556793331766634
0.9996890082700085 0.003291061177436054 -0.0247195400534075 -0.30548465704754496 -0.003304876385376735 0.9999944046950923 -0.0005180449627813078 -0.012416842478693197 0.024717696822378576 0.0005995788792619997 0.9996942912555639 38.19724723340744
0.9997418384841184 0.0034672357661279254 -0.022455170017971506 -0.3214965931010233 -0.003477905873735077 0.9999938569584638 -0.0004361376698631223 -0.006848580564105082 0.022453519882801504 0.00051412204360236 0.9997477557481169 38.825361361832904
0.9998005535887978 0.0036745578637777 -0.01963035068556416 -0.3388944702383742 -0.0036823817171889655 0.999993154332323 -0.00036242706557043517 0.0021159924912108677 0.019628884543483167 0.00043464122525941365 0.9998072404111621 39.444561867534155
0.9998603802997946 0.0038138101845093097 -0.016268827819665085 -0.3520409199227618 -0.0038204393317990836 0.9999926312501278 -0.00037641566908211844 0.008325384736146602 0.016267272360829838 0.0004385171837237639 0.999867583009179 40.059979247321216
0.9999251042150922 0.003933522843286861 -0.011589364023858018 -0.3650502501155317 -0.003938496491205387 0.9999921615259951 -0.00040636431294379977 0.014082458901458154 0.011587674737621737 0.00045197854751288975 0.9999327584940735 40.65741160832899
0.9999704486580816 0.004080631128689873 -0.006515386415661007 -0.37523831762169296 -0.0040835513491587275 0.9999915676720139 -0.0004349634980889394 0.01988714830728036 0.006513556550195656 0.000461556559321848 0.9999786800460345 41.23003066625086
0.9999908092826256 0.004242192761909542 -0.0006206052282909042 -0.37729387502145156 -0.0042424434129847855 0.9999909195411242 -0.0004031242767012434 0.024722110825499004 0.0006188894620218766 0.00040575345426277574 0.9999997261699464 41.80348622103232
0.9999735265479411 0.004351032999884738 0.005832213568376737 -0.3764872175624203 -0.004348414487655517 0.9999904390722264 -0.0004615794377012262 0.027268952849309143 -0.005834166154369566 0.00043620633612428007 0.9999828859682125 42.342987536538466
0.9999116860267347 0.004490169697534792 0.012508338149369282 -0.3770349532008981 -0.004484667730202617 0.9999898343709231 -0.00046787836151254936 0.033399675185453885 -0.012510311847484301 0.00041174130085850036 0.999921658214572 42.876981638713495
0.9997945996411604 0.004563512178893888 0.019746718334048254 -0.37443230286603096 -0.004555989146449282 0.9999895307111762 -0.0004259471057835367 0.03989219176046583 -0.01974845541475553 0.0003358937816872468 0.99980492381469 43.38638154858094
0.9996308069249321 0.004585926368896325 0.026780947069651347 -0.3643805317151694 -0.004576775064051496 0.999989445306403 -0.0004029960340415094 0.043518861121292815 -0.0267825125150999 0.00028027687995639777 0.9996412448815066 43.854950074099655
0.9994010255112817 0.0046531776211856885 0.034291954523229626 -0.3521799723663269 -0.00464355938178134 0.9999891537768936 -0.0003601178113044203 0.04189697684219277 -0.034293258277180716 0.0002006653827765534 0.9994117930913852 44.2801475818717
0.999126172704559 0.004666954752387721 0.04153445015981337 -0.3389851848796882 -0.004657193150185684 0.9999891001774661 -0.0003317803814716822 0.03530479560432761 -0.0415355458457057 0.00013805650593724838 0.9991370173162935 44.709391795295026
0.9988236777520739 0.0045669152223814045 0.04827425863927718 -0.3246455593729133 -0.004554626527291095 0.999989561183123 -0.0003645572383651606 0.022532010989339296 -0.048275419615132764 0.00014425718259126547 0.99883405180783 45.09000651086431
0.9984758037813619 0.004645745117278568 0.054995329942346266 -0.2912643275036531 -0.004622805174812153 0.9999891666292323 -0.0005443312293134956 0.0027732784297480294 -0.054997262981697354 0.0002892688658641087 0.9984864632973469 45.47440200505363
0.9980607957082 0.0047628862474706655 0.06206418439734034 -0.2562721770997657 -0.004728748408672355 0.9999885765589793 -0.000696914651777326 -0.014185503805175987 -0.06206679473600107 0.00040207727868910985 0.9980719169103296 45.84552901285022
0.9975262360257933 0.004593175537925084 0.07014492981456301 -0.25929864888031817 -0.0045429796918010435 0.9999892976965117 -0.0008751159666831348 -0.00021513325248762732 -0.07014819866348708 0.0005542841447011312 0.9975364269004684 46.191879468174236
0.996908536134778 0.004334728324783009 0.07845113582328224 -0.2307984420828288 -0.00424871679029488 0.9999901762493184 -0.0012632539298321095 0.012010358537042224 -0.07845584100147436 0.0009260319679653504 0.9969171597868824 46.55458294832667
0.9963525532623208 0.0043067839442758465 0.08522347810146118 -0.2062319475420934 -0.004197094561892542 0.9999901172642012 -0.001466209796016364 0.007777980147174206 -0.08522895050915177 0.00110317087739392 0.9963607825527471 46.85588911163706
0.9955762767117335 0.004385512096918759 0.09385437939940856 -0.17980603179633473 -0.0042533355323129355 0.9999896611867444 -0.001608308573646362 0.020260011998106748 -0.09386046231321216 0.001201999694791721 0.9955846366889569 47.18434979961196
0.9945871451325126 0.004040262721255444 0.10382719785441696 -0.16663575653040857 -0.0038835457719679505 0.9999909943566174 -0.001711513335901907 0.043202239100301326 -0.1038331777872278 0.0012990314873681003 0.9945938787805801 47.41452158344152
0.9932112070474934 0.00409219251558673 0.11625296622312518 -0.1870257719761088 -0.0038123644437228483 0.9999892762353585 -0.0026293139087371076 0.03557379926539285 -0.11626247921237513 0.0021682653660971907 0.9932161570135136 47.505297583642935
0.9909588594454719 0.004077353531931902 0.13410411654644971 -0.17153662108042458 -0.0038743151023325566 0.9999909195559988 -0.0017749614176027048 0.07716187909477215 -0.13411013596673435 0.0012393521379264194 0.9909656580514082 47.89776398991979
0.9883863994514815 0.004017821188869756 0.15190846748035147 -0.12865309262676128 -0.0037758480538161434 0.9999911017619851 -0.0018813208986540395 0.09618403767879188 -0.15191467457362118 0.0012858886979396143 0.9883927752363662 48.258251785473355
0.9855245057009094 0.0038542447720690924 0.16948921340372497 -0.08469072047009384 -0.003514812908000081 0.9999911718783492 -0.002302662716415894 0.08575986256934284 -0.1694965921580673 0.0016736076603534958 0.9855293523199598 48.53093275208634
0.982633547905613 0.003855559198122592 0.1855166978837633 -0.034225141440995734 -0.0035002866805761684 0.9999913594887979 -0.002242530021526637 0.08989205061091546 -0.18552374113190884 0.0015542236047105613 0.9826385530119431 48.76990670043286
0.9787453119459526 0.004007303307302803 0.205040376179965 0.020032202028093332 -0.0036305965053774294 0.999990959758724 -0.0022134068399785965 0.08790222875986445 -0.20504739235804348 0.0014219426948379028 0.9787510127535692 49.07181859573976
0.9741234853413783 0.004025417959877556 0.22598059942528728 0.06455548321227261 -0.003631114005567557 0.9999910736093637 -0.002160488988393996 0.08517307194025632 -0.22598727910535676 0.0012840217438563164 0.9741294066861533 49.32466347640994
0.9686676708920612 0.004034980801686178 0.2483277316339797 0.10992964580711555 -0.003605060271188045 0.9999911124751287 -0.00218598060234703 0.08073780031134901 -0.24833434500485213 0.0012222522991428165 0.9686736081830281 49.57736583649585
0.9623384434409966 0.004058096345823463 0.2718239359026464 0.1642805119173884 -0.0036375238024402424 0.9999912807127547 -0.00205107753386189 0.08093034697206933 -0.2718298892619145 0.0009850647243945826 0.9623448139577323 49.83597861222253
0.954946194386872 0.004065163248745266 0.2967511419923936 0.23237828457772017 -0.0036159499671647717 0.9999913351763486 -0.0020626386152237724 0.0751002580269711 -0.29675695565877425 0.0008966716138598453 0.9549526193734176 50.11403111574559
0.9464749249911142 0.004017695171267627 0.3227523423440546 0.3077870033327559 -0.0035829721979667496 0.999991697343011 -0.0019410191320597301 0.07370579085169504 -0.32275746106525816 0.0006807132679751563 0.9464814620245625 50.385962495927096
0.9362094348558699 0.003844739770573922 0.35142155890461185 0.40546856028031675 -0.0034113624011804255 0.9999924656461086 -0.0018523654020408857 0.06831192346835609 -0.35142603303315306 0.0005353756731798587 0.9362154969233675 50.67671960864549
0.9243974767563394 0.0037031380756108977 0.38141262660654546 0.5031836691481457 -0.003207364542026642 0.9999929832596719 -0.0019355216646432037 0.06975312565869583 -0.3814171178371595 0.0005658620085443263 0.9244028678130438 50.95041402230701
0.9109375654853648 0.003476717742377826 0.41252959193412403 0.622901054724899 -0.0029454868296276016 0.9999938119174245 -0.0019235992809405215 0.0700875186012742 -0.41253372697869384 0.000537178366075746 0.9109421691548095 51.23197931215219
0.8950604203853078 0.0031280429713615465 0.4459339179820749 0.7485105725006534 -0.0024624742174734677 0.9999948215584511 -0.002071974181455309 0.06746648033652337 -0.44593808996362133 0.0007564413061531059 0.8950634880924067 51.518668479153476
0.8763710565059188 0.0028228905713004646 0.48162828260757334 0.8970947241345062 -0.001997199473945321 0.99999552580439 -0.002227008186259838 0.07555176782905923 -0.4816324143088372 0.0009897777643788305 0.8763727733259495 51.80928516134612
0.8556654961662911 0.002636718146234263 0.5175225660663605 1.0496079249962251 -0.0015843273133971719 0.9999956812507163 -0.0024753559094804574 0.08215442748402693 -0.5175268578319944 0.0012981515057554293 0.8556659781861197 52.08935382888629
0.8331135371399206 0.0025560255795460886 0.5530961046395508 1.2338115483854937 -0.001300274913485198 0.9999956096052762 -0.0026627157790537733 0.08634012732992702 -0.553100482298974 0.0014991675714765768 0.8331132029785827 52.38587944426929
0.8086191955533524 0.002593696358091509 0.5883266688854494 1.425528942480382 -0.0010448066284004139 0.9999950361386173 -0.0029725539916275142 0.07777774024136026 -0.5883314584158803 0.0017889766141324947 0.8086178915909018 52.68157433442054
0.7825501094018354 0.0025796388009771327 0.6225822610216498 1.6452942668209223 -0.0007032777926359147 0.9999944406849202 -0.0032594477443914165 0.07477223910021626 -0.6225872080885696 0.0021128329106974873 0.7825475731618937 52.9746588797714
0.7545505733772117 0.0026534592356487452 0.6562365361439454 1.8689722660140917 -0.000383663323539007 0.9999934381652891 -0.003602281057403863 0.07065617195064952 -0.6562417885342058 0.002466329346845243 0.754546640176058 53.26769033853738
0.7238142265918129 0.002704936047332035 0.6899896004319727 2.126632147896448 -0.00022284410987644067 0.9999931801490519 -0.0036864611603394546 0.0641424870030359 -0.6899948664474225 0.002514552915299597 0.7238098930657398 53.56775027779742
0.6914272374428738 0.0028010533493781926 0.7224406753652837 2.3963451202397636 1.8459687520781267e-05 0.9999924148856949 -0.0038948466355278044 0.04619726334996409 -0.7224461052433971 0.002706339078586209 0.6914219411816752 53.863034844714385
0.6569611141150299 0.002929076853551933 0.7539187721827345 2.6889874251191923 0.00021072056564409633 0.9999917005045493 -0.004068724475958406 0.0269857357996815 -0.7539244326440016 0.002831859954876777 0.6569550444525212 54.14552499173566
0.6204462448195172 0.003058288811837749 0.784243013458775 2.9966309365691606 0.0003884332038464858 0.9999910753471791 -0.004206940175100543 0.005364149817599754 -0.7842488804002232 0.0029148062601335126 0.6204395196112672 54.41413124329559
0.5804490263506886 0.0031835457429554904 0.8142903615081277 3.3299535799334943 0.0005195510150113666 0.9999907061776111 -0.00427990947847521 -0.01971540992961986 -0.8142964189257363 0.002907334673485543 0.5804419777461103 54.68155418789954
0.5382354355398259 0.0030717756859500196 0.8427889297584459 3.6854725580422905 0.0008475813455722526 0.9999908793067618 -0.004186037404320146 -0.053617684978476715 -0.842794101507073 0.002967405840618321 0.5382279228797595 54.92068709094522
0.4940120499167819 0.003054249473258474 0.8694496915274463 4.0527030116324 0.0011187664310407062 0.9999907691439192 -0.00414849233146664 -0.0937560002571575 -0.8694543362929935 0.0030221163290914915 0.4940040727708645 55.14940293213253
0.4491233175389763 0.002995059503474544 0.8934647588245169 4.438431390703082 0.0014038319801764076 0.999990781604742 -0.004057827165792481 -0.12273299470141531 -0.8934686759470382 0.0030767392002989617 0.44911497278240226 55.36149622068836
0.402462045691678 0.002802583306668105 0.9154323827047395 4.846746496463477 0.001553741445254182 0.9999917820830215 -0.0037445498985693194 -0.1589184580537644 -0.9154353541704565 0.002929384445708917 0.4024543838021622 55.56803254587703
0.356043232073893 0.002745030323837369 0.934465452385959 5.246317360297973 0.0016460362188747463 0.9999922917850764 -0.003564678834864716 -0.1809400567158993 -0.9344680344769105 0.0028073437535850974 0.356035969196803 55.73892838354538
0.30954211104361434 0.0028863377594204064 0.9508813546100267 5.63929206767526 0.0019248784778880584 0.9999914421993151 -0.003662017337266145 -0.22212914201714415 -0.9508837869758358 0.0029638796317695624 0.3095339061944913 55.88977681905395
0.26489763279752343 0.0031876581397404687 0.9642712704285297 6.030526664314082 0.002317565065837489 0.9999895431355953 -0.003942399222302537 -0.27701057838697885 -0.9642737541955771 0.0032790936318666357 0.26488747519374956 56.01601393567573
0.2199401962318139 0.003111178259060434 0.9755083959922384 6.444721260434502 0.0025635805422364925 0.9999896179012784 -0.0037672462698572166 -0.2982444934752803 -0.9755099887424593 0.0033293632266000006 0.21992993703493527 56.11421479493594
0.17753299754331103 0.0030879124807326576 0.9841100038002847 6.870286980093819 0.002694718912974239 0.9999898029915778 -0.0036238657321319033 -0.30069027457992 -0.9841111590025109 0.003295255585807641 0.1775228661816763 56.19988928496496
0.14065591322150875 0.0031840722240469685 0.9900534206596601 7.323209197726492 0.002861350238068939 0.9999893448972157 -0.0036225359696476474 -0.3037229205839623 -0.9900544059548632 0.0033424206958940403 0.1406453037724797 56.27294752220292
0.10802214194727178 0.0033814743975317633 0.994142737477884 7.783223494230469 0.003058581245371957 0.9999883522193236 -0.003733698762132757 -0.31230686723778434 -0.9941437833280896 0.0034439884697440508 0.10801054121487999 56.322894360739745
0.07976777887009094 0.0036047366139796487 0.996806955898721 8.260407815541154 0.0032380773139490866 0.9999872481423709 -0.0038753590744679683 -0.31455263307403913 -0.9968082144070843 0.0035368667759766576 0.07975508926687871 56.364406107390586
0.057346223109397555 0.00396942896182779 0.9983464600672469 8.735937928370975 0.003416346102794814 0.9999854606215014 -0.004172184668583801 -0.31867389589992967 -0.9983485059208493 0.0036499560709479517 0.05733182838779002 56.39455737803077
0.038665678916862414 0.004236868772450936 0.9992432207510351 9.206672259870018 0.003587095552917058 0.9999839792463883 -0.004378812173701609 -0.3250799121967224 -0.9992457645741569 0.0037536906589841507 0.03864986141041506 56.41823790464183
0.023783505848711035 0.004476942668335371 0.999707108024089 9.710501385857688 0.003644120350212492 0.9999829410139522 -0.004564873268646972 -0.3304141957293789 -0.9997104907103939 0.0037516217066861503 0.023766785608331936 56.43025909957203
0.010826245254368864 0.004575525536542734 0.9999309261042764 10.234060214365064 0.003681932445894971 0.9999825695326461 -0.004615626105939856 -0.33286608577439764 -0.9999346157560279 0.003731648020702513 0.010809209771924122 56.43025756294921
0.0001973287514095423 0.004652747551344832 0.9999891564420019 10.751598295974677 0.003672877428884136 0.9999824275746586 -0.004653441015460514 -0.3354940747685493 -0.9999932354934983 0.0036737558595300534 0.00018023631240090578 56.4277103684895
-0.007810303156772022 0.004680771356350347 0.9999585439127505 11.28160824394455 0.003584503226881329 0.9999827508387271 -0.00465288745061008 -0.3367614842330835 -0.9999630745688636 0.003548014165859204 -0.007826946675624667 56.41583607273776
-0.013160264926214155 0.004782369339270579 0.9999019633796976 11.809008450690833 0.0035239661862244732 0.9999825740599388 -0.004736374011487959 -0.3340836452133205 -0.9999071902378686 0.0034612887717086972 -0.013176888504068243 56.404712629700406
-0.01662985375942349 0.004878380974201982 0.9998498134034981 12.348551887133274 0.003475372569226818 0.9999823386365494 -0.004821223960974458 -0.330082228047417 -0.9998556744597914 0.003394674365436635 -0.016646514244952344 56.39211208305134
-0.018931784257659 0.004981699527220224 0.9998083667456684 12.878834235075598 0.0034886700491803136 0.99998182841769 -0.004916504418881703 -0.32886198449900717 -0.9998146911933773 0.0033949233030254036 -0.01894881974311797 56.378382712307314
-0.02010888851072751 0.004966799292335627 0.9997854587398498 13.399188149423981 0.0034278310739752297 0.9999821255515867 -0.0048988316421514876 -0.3292165518664631 -0.999791919639777 0.0033285856034521873 -0.0201255544243899 56.35759146978753
-0.020575377611468194 0.004989671343468143 0.9997758533871622 13.954716041049025 0.0034189778708596354 0.9999820502715544 -0.004920337896557828 -0.3294918150580317 -0.9997824585510904 0.00331697370835282 -0.02059206786493384 56.34027323744943
-0.02045939518648551 0.005114979626043092 0.9997776003352081 14.536749093072476 0.0034295067841165214 0.9999813888127775 -0.005045840988953187 -0.3300901025940253 -0.9997848026609624 0.0033255092081161722 -0.02047655627017962 56.32364655270432
-0.020052000096356597 0.005079946529588041 0.9997860328267199 15.18670899634476 0.0034170361206425884 0.9999815996501261 -0.0050124071387609775 -0.3302917337152443 -0.9997930991741664 0.0033157961986534446 -0.02006898949332194 56.30276860073439
-0.018303733157495436 0.004993254922937155 0.9998200041796387 15.815275232891976 0.0034077155200473133 0.9999820328473045 -0.004931678974410654 -0.3316593769540005 -0.9998266653912727 0.0033168340095306803 -0.01832041988382359 56.281340502513764
-0.016389194041770572 0.005010449446977522 0.9998531340726994 16.441769721299284 0.0034304184199399454 0.9999818406093981 -0.004954864367890093 -0.33553081721611805 -0.9998598034465251 0.0033487083747816655 -0.016406084362069657 56.26478943692962
-0.014083107598519641 0.005050092892105923 0.9998880750574778 17.050434500502295 0.00348023386500017 0.9999814360804551 -0.005001546432395928 -0.3452629871223707 -0.9998947714897862 0.003409407023458442 -0.014100421665147987 56.24650684455952
-0.011593269822668256 0.004996560275234554 0.9999203120650332 17.646988060676588 0.0034705074044321924 0.9999816935348007 -0.004956629260666774 -0.3547741222110724 -0.9999267731555012 0.0034127673064340038 -0.011610398190309838 56.228549184999785
-0.00838307147827437 0.0050763389964979195 0.9999519762943525 18.25102174551947 0.003518931427149505 0.9999810723486702 -0.005046985834604536 -0.36060885027059764 -0.9999586697630055 0.003476453192021126 -0.00840077609525024 56.212035265191815
-0.005745920529561841 0.0051789064615391026 0.9999700812149976 18.914795204964367 0.003560700703443588 0.9999803554534561 -0.005158499557037699 -0.36711074152131506 -0.9999771526428824 0.0035309538430982656 -0.005764248189439474 56.20133894216718
-0.0028254456451232944 0.005187590407370305 0.9999825527291315 19.549146893066098 0.003582504759921597 0.9999801796093909 -0.005177455747302378 -0.3699544641110004 -0.9999895912041032 0.0035678136351966288 -0.0028439742110141332 56.19152576237918
-0.0002805028613618579 0.00519478280598408 0.9999864676833091 20.172105998298186 0.003544521796194565 0.9999802304357667 -0.005193756142438649 -0.3730175107501973 -0.9999936788217109 0.0035430169671439313 -0.0002989103368250725 56.18281098702349
0.0036234555908549924 0.005176306983129042 0.9999800380085574 20.7940610415684 0.0035683747044529045 0.9999801690600504 -0.005189237766889099 -0.3773086758363893 -0.9999870685521626 0.0035871064451863 0.003604912731423437 56.17599451305079
0.008209814069561115 0.00516465138011309 0.9999529615582242 21.40672445841008 0.003613359710890706 0.9999799804218974 -0.005194457336543237 -0.39033057201986454 -0.9999597704830634 0.0036558352730056186 0.0081909879693292 56.16605751812507
0.011437193015552044 0.005219157620048617 0.999920972382148 22.026284465639122 0.0035815422471353253 0.9999797500083205 -0.005260430441410724 -0.3968106043584984 -0.9999281790063999 0.003641423764686599 0.011418268778977734 56.16381733168396
0.013935609666763393 0.00529297353101709 0.9998888854339837 22.658122697208032 0.003617832574347861 0.9999791769333374 -0.005343873799890331 -0.39789361110207205 -0.9998963496636425 0.003691900719835159 0.013916170392578399 56.1674435449702
0.017611401828044694 0.005313201700884036 0.9998307898906372 23.25623972527266 0.0035725026882501188 0.9999791627737501 -0.005376917597687351 -0.40277822709043865 -0.9998385248379817 0.003666593241088698 0.017592053427920355 56.166987395426325
0.020773895962214683 0.00538333981007221 0.9997697059318406 23.84096918441419 0.0035295950557144157 0.9999788769307202 -0.0054578064383365 -0.4083691085598945 -0.9997779689537531 0.0036421621140419877 0.020754456144193946 56.169369894187085
0.02411269503278029 0.005377727102285559 0.9996947824158472 24.45525005144538 0.0035223012942765105 0.9999788676594173 -0.005464213409263386 -0.4183620273893711 -0.9997030415737697 0.00365298313751641 0.024093243499963588 56.17354443220673
0.02757847190137495 0.005486895957084049 0.9996045827527703 25.061408760602326 0.0035396669221946335 0.9999781300699834 -0.005586603603225567 -0.42503224804647094 -0.999613374583225 0.003692337267339825 0.027558446977999432 56.17920691808597
0.0310742001306807 0.0055369693288765415 0.9995017438988729 25.707927517534074 0.0035663788170265816 0.9999776762401135 -0.005650483479872999 -0.42932956699840297 -0.9995107178156568 0.003740186101510746 0.03105375950757303 56.18987276046526
0.03409339248599119 0.005590359181418231 0.9994030160415854 26.322815314081573 0.003569062150350242 0.9999772981662715 -0.005715325664451176 -0.4349320148986355 -0.9994122784837901 0.0037617863185632895 0.03407266616410221 56.200495834973964
0.03785372364886225 0.005606042201810056 0.9992675657183844 26.94951104344325 0.003639309178875425 0.9999768583623792 -0.005747883819899276 -0.44060258267878477 -0.999276663909757 0.0038542224297556517 0.0378324455308645 56.21411874537342
0.04148543901931951 0.0055663260470574134 0.9991236031461327 27.547355609727447 0.003634691273499597 0.9999770236056692 -0.005721999658634645 -0.44875944064333523 -0.999132497403982 0.0038688855094095764 0.04146425395680466 56.22431913215603
0.04437476230430173 0.005654469694881337 0.9989989526735776 28.166333869339823 0.0036631931921198902 0.9999763382051714 -0.005822718043484536 -0.45426095506603603 -0.9990082389480436 0.003917907891513344 0.04435299890288892 56.240529823686025
0.04759157890362229 0.005696961586829534 0.9988506326003589 28.802918357620445 0.003691665076517984 0.9999759025832236 -0.005879273920324236 -0.45834835990584194 -0.9988600568780497 0.003967225925703759 0.047569400795377775 56.2612248025384
0.05023306302812352 0.005728831883472643 0.9987210921293604 29.422361965064823 0.003691139285176452 0.9999756542846688 -0.005921682930227166 -0.4671024928797463 -0.99873070187593 0.0039838829299596755 0.05021069415184729 56.281240481075564
0.052944100208882655 0.00572756789361933 0.998581051902696 30.063296794776278 0.0036554372343948387 0.9999757398436525 -0.005929376254326084 -0.4722621400767101 -0.998590787075314 0.003964175849271488 0.05292187901179279 56.30474670289928
0.05521918510020283 0.005763758992338971 0.9984576208728876 30.718483882117575 0.003639290068476994 0.999975534398385 -0.005973790460147684 -0.4774408980427857 -0.9984676244949883 0.003963544744606587 0.055196858138760505 56.33259379207979
0.05810570078664888 0.0057859966395857965 0.9982936691069307 31.37873615728609 0.0036017845333799633 0.9999754809420137 -0.006005386162727498 -0.4840218995018895 -0.998303939030727 0.003944585868640202 0.058083436176395054 56.361284077789634
0.06105809271764435 0.005755840720138851 0.9981176181248816 32.018452057784295 0.003580177025225449 0.9999756773665227 -0.0059855666258151925 -0.48677130762881976 -0.998127793244006 0.003938905046890109 0.061036000695327004 56.39036794716075
0.06352671772163887 0.00568967953390238 0.9979639190282962 32.671436466075185 0.003498726528683937 0.9999763330645131 -0.005923868966077508 -0.4920259115435153 -0.9979740051966235 0.00386792678980167 0.06350530760618363 56.42190056545141
0.0664184759900834 0.005678325307696507 0.9977756975737851 33.3161495464752 0.003441167555587071 0.9999765561996166 -0.005919916976533977 -0.4977502168140002 -0.9977859211338908 0.003826705221813375 0.06639737881977135 56.4546266249065
0.06965143136337669 0.005643140239165252 0.9975554285739079 33.938283586345094 0.0033944998077262193 0.9999768696875418 -0.005893849417815583 -0.4998518868613051 -0.9975656146239635 0.0037967167586814353 0.06963066466554904 56.48705377025464
0.07241769838462837 0.00559309097863407 0.9973587089377507 34.58400006419026 0.0033584937656957296 0.9999772391909465 -0.0058516339323140595 -0.5048623063861475 -0.9973687369675754 0.0037733848672973523 0.07239726573804041 56.523636763059116
0.07579648214148339 0.0055839374758485235 0.997107673692887 35.248800603514134 0.0033242949300766925 0.9999773471749502 -0.005852708788788049 -0.5127046114702888 -0.9971177675471395 0.003758294721586504 0.07577620248199302 56.561133525843
0.07969322982722009 0.005528602234828811 0.9968041049659828 35.95501854353359 0.003350351476511695 0.9999774856767647 -0.005814059215284269 -0.5170157333697226 -0.996813806216932 0.003802985262138413 0.07967291282742339 56.60675492755034
0.08379330184928659 0.005483102234178654 0.9964680718192043 36.63538279480365 0.0033643433040011174 0.9999776053697191 -0.0057853222187073455 -0.5215125569620404 -0.9964774777983318 0.0038372319360433717 0.08377297829098475 56.650771338564304
0.08864084990388856 0.005418313155572548 0.9960489152701605 37.31167921399888 0.003457507132168544 0.9999775064036845 -0.005747376018591586 -0.5283666499496051 -0.9960576516310414 0.003953298523540506 0.08862012219601384 56.69632468289601
0.09373496287788599 0.005351276072483797 0.9955828044812125 38.009170181714666 0.00351737608423219 0.999977534209986 -0.0057060617589538825 -0.5366974705262602 -0.9955909726387444 0.004036696633509495 0.09371403459741534 56.747453653972464
0.09872283240396194 0.005300183076582496 0.9951008543969264 38.66336265619805 0.0035391115945218135 0.9999776214004894 -0.00567726935591548 -0.5419100008776614 -0.9951086760003945 0.004082249082650918 0.09870186518585343 56.797077488594496
0.1030839230312958 0.005293022696897857 0.9946585789723059 39.346665535233114 0.0035977929284672695 0.9999773157726646 -0.005694192316664327 -0.546280406959537 -0.9946661554001519 0.004165555284162286 0.10306254145252185 56.85704765163626
0.10960177081419469 0.005301839866785503 0.9939614390550665 40.030634809252135 0.0036370413999080352 0.9999769407311817 -0.005734974782933635 -0.5544193822786389 -0.9939689249489873 0.004243642295539722 0.10957996046640717 56.91939650297479
0.11735748773422687 0.005352052939058634 0.9930753121501145 40.70585914939104 0.0036627595836189663 0.999976343422487 -0.005822094779693229 -0.56714124171959 -0.9930829795464933 0.004320662533528582 0.11733510817452682 56.986381573647556
0.12526793444894355 0.00529076944662662 0.9921088409834663 41.372775671360046 0.003719594085249957 0.9999762482376664 -0.005802377130184106 -0.5821750254296165 -0.992115975689704 0.0044170939748382435 0.1252452795999962 57.05449713546571
0.13346666864424084 0.0052472468561103715 0.9910394113058463 42.07163977917457 0.003794417056348732 0.999975948587791 -0.005805570182915164 -0.602284354580868 -0.9910460386683396 0.004535266957666733 0.13344354833940722 57.13029668664556
0.14149802183076304 0.005171434150106382 0.9899250305385813 42.83547201110864 0.003917099802084382 0.9999756014534888 -0.0057838418782312035 -0.6164634861259264 -0.9899307885640888 0.004696037325552692 0.1414743124610101 57.222756621654185
0.14979826527722262 0.005063439763198528 0.9887036165088597 43.57164075155631 0.004088176407895129 0.9999751660646369 -0.0057405633572513845 -0.6351199449241666 -0.9887081301039201 0.0049019212320423585 0.1497738449618023 57.32055810180222
