1.0 0.0 0.0 0.0 0.0 1.0 0.0 0.0 0.0 0.0 1.0 0.0
0.9999979433104368 -5.0442773795657143e-05 -0.002027518291685329 0.008531620725989342 5.016142265499897e-05 0.9999999891068532 -0.00013881687716766814 -0.002448376966640353 0.002027525271907608 0.0001387148884624757 0.9999979349475936 0.466914564371109
0.999994206152881 -5.8902742175584146e-05 -0.0034035556608013294 0.013691505270293456 5.806771388305588e-05 0.9999999681940948 -0.00024543828213267253 -0.0034431051765581944 0.0034035700095360125 0.00024523922340449224 0.9999941777675075 0.9485188357895102
0.999984250799996 -4.1838646160214e-05 -0.00561216549098793 0.020743434672665977 3.935539137885271e-05 0.9999999012840262 -0.00044258681807178774 -0.009312317556880306 0.005612183454210823 0.00044235897871409003 0.9999841537321531 1.409169190964541
0.9999697868675458 -8.814466119077763e-05 -0.007772874795951063 0.025984091192462328 8.374329120653233e-05 0.9999998359921517 -0.0005665710294564933 -0.013894492613640126 0.007772923461350022 0.0005659029854533863 0.9999696302461766 1.8891889113890965
0.9999534015836852 -0.00010977370591309562 -0.009653114054572623 0.028900419258170048 0.000102541932202816 0.9999997137500327 -0.000749656591468376 -0.01848341836994627 0.009653193583951246 0.0007486318096915036 0.9999531266034645 2.3631985270222295
0.9999361560333466 -0.00010367490257177384 -0.011299252575684836 0.03212508613526801 9.34312885830312e-05 0.9999995842212988 -0.0009070985747371651 -0.02119919894213026 0.01129934192105263 0.0009059849582378368 0.99993574996767 2.8472140047947216
0.9999175131983707 -7.1239932588458e-05 -0.012843742603221202 0.03517366457193461 5.783887749575086e-05 0.9999994536095248 -0.00104376018159526 -0.02466721890140928 0.012843809942927546 0.0010429312175011976 0.9999169709734032 3.3304110379883856
0.9998988577533635 -4.692710692665892e-05 -0.014222238268474621 0.03802419470610206 3.0818427078394414e-05 0.9999993578420503 -0.0011328573220655415 -0.029000467440644478 0.014222282297267932 0.0011323044353179006 0.9998982171065827 3.804758696251469
0.9998766135207136 -5.745700467548738e-05 -0.01570841917704707 0.040361011411355105 3.7675602988974054e-05 0.9999992060195445 -0.0012595796243897925 -0.033454816362108786 0.015708479076541614 0.0012588323851300594 0.9998758218029518 4.275350630288431
0.9998501210578664 -6.275992321973197e-05 -0.01731275488654449 0.04242249975871243 3.9599755411201045e-05 0.999999103971361 -0.0013380913029212235 -0.03497989313411604 0.017312823352327714 0.0013372051703532623 0.999849227648801 4.759670232413502
0.9998193118188041 -7.250684644476243e-05 -0.01900890467465027 0.043006008378105615 4.530716498603138e-05 0.9999989746370326 -0.001431318324112372 -0.03823166937347297 0.019008988964001296 0.0014301984622273776 0.9998182899261874 5.253099066694384
0.999788240161271 -1.543031164387375e-05 -0.02057849841786589 0.044919481632654794 -1.6232619755541967e-05 0.9999988164171036 -0.0015384735599529922 -0.04387279113287163 0.020578497800633602 0.0015384818159800049 0.9997870565785355 5.726670546002119
0.9997571613560965 6.763066768406807e-06 -0.022036748205232333 0.04480838000114596 -3.979696399376765e-05 0.9999988763085489 -0.0014985986261054722 -0.050393092360741576 0.022036713307604178 0.0014991117041222163 0.9997560382066706 6.204947724807316
0.9997211327800397 3.9485132928637416e-05 -0.02361472239765333 0.047697147684016554 -7.330537845377959e-05 0.9999989729972464 -0.0014313038722294548 -0.06122166370397021 0.023614641630044727 0.0014326358146601284 0.9997201089581562 6.696929526055131
0.9996952093840009 0.00014164508720782403 -0.02468741119168841 0.04836219966471109 -0.0001715530821468247 0.9999992540162688 -0.001209353731038389 -0.06773201666447017 0.02468722147626657 0.0012132203328499046 0.99969448792729 7.2018817363766265
0.9996616660097549 0.00021038665551107762 -0.026009791388170025 0.04647773425483906 -0.00024146711521942792 0.9999992606323332 -0.0011918172762790745 -0.07095745917443941 0.026009521414920488 0.0011976945532783077 0.9996609776937002 7.720524067308248
0.999650579598912 0.00031592608979101475 -0.026431399854429126 0.046343333644899246 -0.000343339978014661 0.9999994078865737 -0.0010326394154384728 -0.07462091408292741 0.02643105796630969 0.0010413535464046666 0.999650096162439 8.300034891398639
0.9996112256650684 0.0004084480795470363 -0.02787885748278989 0.049510968870448466 -0.00043240473421676047 0.9999995424615652 -0.0008532894040632012 -0.08003408275663594 0.027878496202722657 0.0008650126170027443 0.9996109449193962 8.852513512887334
0.9995662244217026 0.00043747055162625945 -0.029447777757558344 0.05142451190827574 -0.0004588417627413292 0.9999996362666006 -0.0007189790707146336 -0.08631527012048183 0.02944745251424733 0.0007321790654075428 0.9995660615758412 9.397189062151996
0.9995450793710619 0.0004919803064436502 -0.030156131391068337 0.049522846143262446 -0.0005132138803217784 0.9999996258294491 -0.0006963852925668821 -0.09414523920133193 0.03015577749968237 0.000711545037738307 0.9995449578618513 9.976730700921516
0.9995265852925448 0.0005757242861450131 -0.030761564247795463 0.04559986126586747 -0.000593629047602922 0.9999996596833833 -0.0005729203015352132 -0.10227406206396816 0.03076122393499235 0.0005909100307254606 0.9995265869036992 10.570019159185813
0.999497614634274 0.000601095804187769 -0.031688436759014865 0.037312195350420144 -0.0006167088411755079 0.9999996932228526 -0.000482933128252868 -0.11021444296646205 0.031688136748649516 0.0005022330488289238 0.9994976787123444 11.194177415106425
0.9994741577385868 0.0006507647300713647 -0.03241889137537423 0.02617791369821203 -0.0006652425021569263 0.9999996837651703 -0.0004358003823981601 -0.11624524903396462 0.0324185975198734 0.00045713764455526147 0.9994742745864047 11.865702713487307
0.9994739050923886 0.0006923696094151612 -0.032425817856988594 0.014618170050858047 -0.0007048902655629624 0.999999681363795 -0.00037470257916931605 -0.12199905340010331 0.03242554809227065 0.000397362093410854 0.9994740746684148 12.554460704695732
0.9994748437718672 0.0007491864889064718 -0.0323956075233362 0.001430515903100265 -0.0007575453568070378 0.9999996828655157 -0.00024575170647691034 -0.1258478832546302 0.032395413135713785 0.000270163790497925 0.9994750943466746 13.264788636733263
0.9995064369431435 0.0007797223425385893 -0.031405008235792835 -0.014674242110638822 -0.0007865683954492211 0.999999669511359 -0.00020563884109935234 -0.12874932672549685 0.03140483751559543 0.00023023953230142684 0.9995067199225717 13.992374752661348
0.9995100912731532 0.0007879811196342801 -0.03128828101522995 -0.032445371337995785 -0.0007919251140913504 0.9999996799677782 -0.00011366158499678258 -0.13085327537325317 0.031288181438788844 0.0001383838767070924 0.9995103954197562 14.76239415954644
0.9995270611850671 0.0008214087933809357 -0.03074051473767389 -0.04874941575768928 -0.0008230747850792395 0.9999996604110445 -4.154148481567376e-05 -0.13448570175770116 0.03074047017599366 6.682358079600938e-05 0.9995273978375827 15.511017049460277
0.9995135078552501 0.0008240063196702773 -0.031178015146539714 -0.06476315220181222 -0.000824501241262665 0.9999996600942409 -3.017777085165057e-06 -0.13878154359460765 0.031178002062285395 2.8722621148745442e-05 0.9995138475090861 16.247098675329
0.9994950222692016 0.000855788217829712 -0.03176425798935784 -0.07837202424650262 -0.0008541404522847714 0.9999996330805323 6.544379055408602e-05 -0.14449080258370556 0.03176430234045807 -3.827960521171816e-05 0.9994953864983557 16.984057120729837
0.9994789837002045 0.0008832285727527698 -0.03226423792521105 -0.09766220029524168 -0.0008809314475295783 0.9999996083321959 8.541218114462773e-05 -0.14873358025682795 0.03226430072682665 -5.694509818715666e-05 0.9994793703002909 17.75463659898365
0.9994669615687207 0.0008992183804976785 -0.03263409473071866 -0.11911611426763877 -0.0008948975378873117 0.9999995887733726 0.00014700844767299382 -0.14929610205010485 0.03263421350340816 -0.00011772591549496125 0.9994673552696076 18.54109909920078
0.9994391364910472 0.0009254260323197781 -0.03347470741751943 -0.14133824140917878 -0.0009193683079902723 0.9999995581030449 0.00019635587668676003 -0.1491594317202181 0.03347487433798801 -0.000165470162721845 0.9994395456493016 19.352011374186326
0.9994144624722439 0.0009558254080696577 -0.03420261099836514 -0.1638870509826079 -0.0009489245245885194 0.999999526009699 0.0002179968467810025 -0.15023808097055533 0.03420280315358426 -0.00018541350506497126 0.9994148957656528 20.159162834689454
0.9993884739554169 0.001003081597632332 -0.03495242412726412 -0.18619893241329444 -0.000995463037530658 0.9999994768267813 0.00023537099630520987 -0.1496519591784655 0.034952641937406874 -0.00020043321452004476 0.9993889496327861 20.957816596488684
0.9993674736940347 0.0010234975595878242 -0.03554722176413662 -0.2126505845230971 -0.0010151337077934906 0.9999994526620682 0.00025333598302846504 -0.14890116375854057 0.03554746159655415 -0.0002170905583237677 0.9993679656891812 21.768485626796576
0.9993405059792082 0.0010103510721737954 -0.03629782775775413 -0.2385480449113021 -0.0010019322054227906 0.9999994667838243 0.0002501278141154462 -0.15092103449750002 0.03629806112007039 -0.0002135948937002213 0.9993409854179635 22.612511037543285
0.999325292354563 0.0010371755547660887 -0.03671354419470096 -0.2644490960687236 -0.0010286909154917981 0.99999943964913 0.00024999285464968494 -0.15022054737796864 0.036713782908712224 -0.0002120572931707538 0.9993257993148369 23.445208702786903
0.9993133639498701 0.0010698753980003515 -0.037035874470946174 -0.2903701289014593 -0.0010597689688600423 0.9999993956628875 0.00029251255191039524 -0.15038453233918272 0.03703616504077563 -0.00025306223174823456 0.9993138938484647 24.26467450392447
0.9993017935540873 0.0010820163727700868 -0.037346414020008205 -0.320314767900907 -0.0010698836200277305 0.9999993682121014 0.00034485422805215324 -0.14788608620645882 0.03734676356291673 -0.0003046571319804473 0.9993023198389009 25.10845037440401
0.9992869121624673 0.001126478968016131 -0.03774120064248917 -0.3488952477457613 -0.0011144400462997014 0.9999993212038717 0.00034002232284831394 -0.14701996280593116 0.037741558051903636 -0.00029771955167398026 0.9992874892436535 25.948036561793927
0.9992746777968062 0.0011577189950225358 -0.03806281651189536 -0.37940528940083684 -0.0011438250703069465 0.9999992710244643 0.0003868006583860504 -0.14582161799774054 0.038063236571502804 -0.0003429828995075149 0.9992752735780237 26.791387795814604
0.9992467945520768 0.0011920711485783138 -0.03878688623461363 -0.4055942196536073 -0.0011756015018331224 0.9999992088862469 0.0004474237254340827 -0.14470231513851922 0.03878738891068876 -0.0004014888017377145 0.9992474054348276 27.622231061503033
0.9992172754180155 0.0012122908639492656 -0.03953943420257267 -0.4350824954501362 -0.0011958948892328025 0.9999991888538048 0.00043832310826254933 -0.14364019811968048 0.03953993350541066 -0.00039069501470484806 0.9992179146791729 28.47782593875931
0.9991961710774977 0.0012749022098941562 -0.04006727253537189 -0.4663913694430768 -0.0012609148021131124 0.9999991349712307 0.0003743670030812008 -0.14276702545554243 0.040067715157347965 -0.000323544659036344 0.9991969142871314 29.328645541939775
0.99919236418378 0.0013327048727468649 -0.040160219802076846 -0.5013197561025867 -0.0013202354477018772 0.9999990717003634 0.00033701153518703923 -0.14008881171258156 0.04016063165827451 -0.00028371840683054313 0.9991931961180859 30.188125681878823
0.9992014031851152 0.001337721283684625 -0.03993452609790798 -0.5390200893966578 -0.0013269510345482243 0.9999990757320507 0.00029620262837704616 -0.13841288132611523 0.039934885424265695 -0.00024297492118165268 0.9992022547459247 31.078471289170952
0.9991901176755795 0.0013242568658735306 -0.040216353430107925 -0.5749680331145115 -0.001317685612241506 0.9999991138201378 0.00018990409963520917 -0.13859740074388802 0.04021656927299319 -0.00013675778936990805 0.9991909771676378 31.950111323478342
0.9991778348626491 0.0012861396571084156 -0.04052160120197211 -0.6104209210831625 -0.001282096018737823 0.9999991702046896 0.0001257765151450049 -0.14119455475439155 0.04052172934350153 -7.372052250522598e-05 0.9991786547041015 32.82955338089778
0.9991660998673663 0.0012300031524250512 -0.040811664608075206 -0.6494826212512873 -0.0012277794412976798 0.9999992431143221 7.955141319824832e-05 -0.14264158018687864 0.0408117315667998 -2.9377352493301224e-05 0.9991668537854387 33.745542934445965
0.9991538426830573 0.0011954488788341949 -0.041111671744884455 -0.6878584519959832 -0.0011972475638478022 0.999999283115893 -1.913038784818136e-05 -0.1431261977284578 0.04111161940317967 6.833504937280011e-05 0.9991545576538049 34.64739598737535
0.999152611621717 0.001133403259024841 -0.0411433358705345 -0.7262973312397677 -0.0011408217490270968 0.9999993369647749 -0.00015683031674985866 -0.14541632815059422 0.04114313083906143 0.00020363463295071382 0.9991532421594285 35.529866688653826
0.9991687467088768 0.001155776517396631 -0.040748985028527474 -0.7666774100156716 -0.0011698121412317874 0.9999992643778048 -0.0003205985093487244 -0.14834770075883838 0.040748584512441045 0.00036800066821194183 0.9991693637395724 36.44047017348853
0.9992026927152516 0.0011374555876473794 -0.039908458569299324 -0.80605138755586 -0.0011604838809294 0.9999991732540073 -0.000553866829468938 -0.1550321614807237 0.03990779557622114 0.0005997383502934315 0.9992031866273041 37.330768888176166
0.9992244817308652 0.0011316749078205744 -0.03935929904847895 -0.8390843201430601 -0.0011631029670908528 0.9999990228159082 -0.0007756021642440765 -0.163880240935332 0.03935838285769034 0.0008207795881020257 0.9992248215590406 38.19561881733812
0.9992393765965376 0.001141535699548179 -0.038979034816300676 -0.8729171218513617 -0.0011795826497233647 0.999998850088825 -0.0009531032475593111 -0.17136124220930088 0.038977901992490516 0.0009983572880955718 0.9992395740957173 39.076124903534975
0.9992501859768256 0.0011579358055111336 -0.03870045232230142 -0.9066623920312452 -0.0012046842963480684 0.9999985726579138 -0.0011846593948495556 -0.18002666446053917 0.03869902532398645 0.001230392947796855 0.9992501546520616 39.964938561485944
0.9992467060900107 0.0010944318491337309 -0.03879204283345251 -0.9429118830140559 -0.0011480247947197695 0.9999984171751549 -0.0013592962355699395 -0.18811114700564882 0.038790493775350716 0.0014028065130044472 0.9992463808923969 40.87971996964935
0.9992693595723418 0.0011236108533899543 -0.03820320037029451 -0.9792563826861008 -0.0011799569130748607 0.9999982491326043 -0.0014523888631610665 -0.19470408734796363 0.038201501561666594 0.0014964058195194728 0.9992689357965947 41.791611098886825
0.9992721730536337 0.001111603941720276 -0.038129889815556636 -1.0113476165521005 -0.0011676560696358656 0.9999982702354294 -0.0014477933045222533 -0.196248229613098 0.038128214487080064 0.001491262158820134 0.9992717425191221 42.704945704747836
0.9992740939349964 0.001131838037794012 -0.03807891979887725 -1.043438947240346 -0.001188195968249718 0.9999982320404862 -0.0014574313854722961 -0.19787020302223532 0.03807720290060918 0.0015016186461705846 0.9992736721042486 43.64576988339452
0.9992672015117656 0.0011928037251839729 -0.038257511708404246 -1.0715249461523306 -0.0012502143554324744 0.9999981280877993 -0.0014767481040933832 -0.19913471654939038 0.03825567862306161 0.0015234960356561727 0.9992668222316402 44.55013324516903
0.9992656543000517 0.0012208124354016162 -0.038297020161997375 -1.0977694553295965 -0.0012802784548889075 0.9999980126333081 -0.0015282723946563096 -0.204078441513625 0.03829507831783105 0.0015761809641947945 0.9992652313726328 45.43623049507309
0.9992738346968704 0.001233963772364881 -0.03808255011972771 -1.1277277558942014 -0.00129554176952188 0.9999978930331287 -0.0015923256033369187 -0.20829171713654737 0.03808050500894792 0.0016405068461025074 0.9992733279116147 46.31730406316645
0.9992811554053589 0.0012530886415375094 -0.03788934178088635 -1.1542303616017813 -0.001313562662269401 0.999997902911974 -0.0015712176129597758 -0.21259666890904208 0.03788729344865721 0.00161985817633303 0.9992807058352653 47.198023921449824
0.9992807906974627 0.0012399106224607855 -0.037899392669319305 -1.1825095188180377 -0.0012982493558400582 0.9999980100632175 -0.001514733711175428 -0.21622506285331253 0.03789743911750513 0.0015628471627191563 0.9992804119050284 48.07808055485839
0.9992808833746853 0.0012734853000355643 -0.037895835616863265 -1.2119180251535493 -0.001332692824493916 0.9999979305390106 -0.0015371556629311105 -0.21757610348359865 0.037893799647769205 0.0015865537769429938 0.9992805125666014 48.9651856691185
0.9992788685163427 0.0012432908712096168 -0.03794992970360472 -1.2431703390182243 -0.0013051243878054227 0.9999978609289337 -0.0016046145611546255 -0.22197806852886617 0.03794785352337245 0.0016529868018471169 0.9992783536370653 49.85140470691466
0.9992861149328198 0.0012381884367139693 -0.037758805487825356 -1.2755963241927404 -0.0013003462902836083 0.9999978396445603 -0.001621667579439421 -0.22523138263239695 0.03775671598533949 0.001669609417812162 0.9992855661933663 50.77961508618109
0.9992919439551098 0.0012220611453667533 -0.03760475120215215 -1.3087801012362907 -0.0012856226083921255 0.9999977856136011 -0.0016661159635074033 -0.22858245280528172 0.03760263183511989 0.001713281778356401 0.9992913022460581 51.721388716056545
0.9992854424363471 0.0012591216512679638 -0.037775906970748195 -1.3380329088858 -0.0013254466201181403 0.9999976238357774 -0.0017307553428961555 -0.23499625140602912 0.0377736379774643 0.001779588566791331 0.9992847368685678 52.61455518411695
0.999281314057669 0.0012575939694344177 -0.037885008018843244 -1.3653337040448004 -0.0013261039015273022 0.9999975306581796 -0.0017832907744552433 -0.24287916249868066 0.037882671812084885 0.0018322486053877337 0.9992805141907993 53.50243462824969
0.9993000136551109 0.001220055413437918 -0.03738976027851283 -1.3944869574783616 -0.0012881201960883647 0.9999975568854446 -0.0017963767710044633 -0.2477635541528372 0.03738747725184124 0.0018432818371361382 0.9992991438287208 54.3792374167542
0.9993148201864637 0.0011583300653384236 -0.03699389716097502 -1.4195120546511886 -0.0012249799636513908 0.9999976672346832 -0.001779030432930791 -0.25172469103678824 0.03699175015845718 0.0018231282599900536 0.9993139079506321 55.25867100206293
0.999292420284687 0.0011322368432103481 -0.03759490392732439 -1.4449505061001728 -0.0011988583204547193 0.999997750831084 -0.0017495918099524074 -0.25566727820473917 0.03759283841772729 0.0017934247976575748 0.9992915300987977 56.12597992735394
0.9992728280081702 0.0010840607186744923 -0.03811351488531724 -1.4751834992712816 -0.0011506203944839646 0.9999978511495293 -0.001724461954441227 -0.2566503139718993 0.0381115635636072 0.0017670621615394947 0.9992719280626555 56.997214444376695
0.9992676921260668 0.0010639137731565122 -0.03824849749374131 -1.5057401382734004 -0.0011301616718993625 0.9999978985291348 -0.0017104595610899784 -0.25933759052532274 0.03824659733415274 0.0017524339639605122 0.9992667945886943 57.87775093666151
0.9992423741393607 0.0011075061431626498 -0.038903099548470606 -1.536660714540386 -0.001174375442836054 0.9999978721122689 -0.0016960581517247626 -0.2600746875815213 0.038901138372220215 0.0017404600189677968 0.9992415484917899 58.75064341114234
0.9992265953305731 0.0010873013363897422 -0.039306856397790024 -1.5657061897663829 -0.0011548899132593502 0.9999978934697697 -0.0016968456947094102 -0.26426179998357496 0.0393049286141173 0.001740928438301565 0.9992257461428895 59.612338349229844
0.9992041431317551 0.0010428809446513705 -0.03987471313591577 -1.5975134278047998 -0.0011120298240759146 0.9999979161980326 -0.0017120132194063111 -0.2670646964094436 0.039872844618946614 0.0017549925721607295 0.9992032207029095 60.48590581744979
0.9991869794110334 0.0010530872823948996 -0.04030224786077964 -1.6280663532866249 -0.001124176628659571 0.9999978520774545 -0.0017412832582508198 -0.26980463265887134 0.04030032757141854 0.001785174404238172 0.9991860170909043 61.34023947507793
0.9991627173150452 0.0010543473096896604 -0.04089929925275608 -1.662583291233299 -0.0011255275414373633 0.9999978918765177 -0.0017173905422207135 -0.2698528991363601 0.04089740230588506 0.0017619858885908723 0.9991617976535937 62.20392296181239
0.9991290633746484 0.0010542300476591602 -0.04171334701394356 -1.6927054228393212 -0.0011268962770944106 0.9999978883213617 -0.0017185626549138732 -0.2714072299430838 0.04171144716837016 0.0017640725112099073 0.9991281415430643 63.0309117671562
0.9990908528099921 0.0010510006186981243 -0.042618813088861 -1.7236998597264395 -0.0011238347596255716 0.9999979488093583 -0.001685043770848288 -0.27405835712819354 0.04261695468750475 0.001731408321602228 0.9990899846352125 63.858050695463525
0.9990650593501463 0.0010413194075573218 -0.04321947292113876 -1.756734920988003 -0.001116043365052383 0.9999979239660057 -0.0017048492269910057 -0.27512621129786174 0.04321760790345675 0.0017514901001415182 0.9990641474147363 64.69441932742704
0.9990413865625115 0.001051423239891513 -0.04376302599713625 -1.7898665800387716 -0.001127913631533749 0.9999978792357146 -0.0017231758220857777 -0.27643211908988335 0.04376112139896795 0.001770884876166907 0.999040453745824 65.52786229495372
0.9990128199300781 0.0010609324084188503 -0.04441013440397406 -1.8245543062827836 -0.001137513258129175 0.999997909449097 -0.0016991648018763674 -0.2761209345474871 0.04440823886332194 0.0017480045369282615 0.9990119382676058 66.37551720377314
0.9989874526084735 0.0010696618219112352 -0.044976942475233185 -1.8633738035235183 -0.0011473688426649083 0.9999978934910362 -0.0017019277982108475 -0.27404062198610873 0.04497502724371131 0.0017518096580926175 0.9989865755290964 67.26775560038828
0.9989705129087298 0.0010740995559552278 -0.04535152311680401 -1.9013748317590706 -0.0011536767899332256 0.9999978405897645 -0.0017285385947223384 -0.2728055137925275 0.045349568561723765 0.001779080086160287 0.998969594885307 68.12674120346773
0.9989533644961659 0.0010763958517867093 -0.045727638620000295 -1.9405065396007823 -0.0011563855359393747 0.9999978472844627 -0.0017228461723857193 -0.27125616177912343 0.04572568571692894 0.0017739217603068872 0.9989524587623312 68.9630980265843
0.998930948748761 0.0010447428526660699 -0.0462154535223095 -1.980707370485841 -0.00112517191311546 0.999997897533685 -0.0017143267999355327 -0.27082471876184383 0.04621356532520387 0.0017644944269802254 0.9989300240454044 69.80562239515521
0.9989098143136024 0.0010501550058732427 -0.04666990510413073 -2.0193683410115786 -0.0011304502969748233 0.9999979259940757 -0.001694133901063797 -0.2711679972697456 0.04666802920727424 0.0017450449886187685 0.9989089297167678 70.63074789316039
0.9988919456115789 0.0010764872059237612 -0.04705020900708589 -2.0571077781204585 -0.0011567406393730724 0.9999979222864588 -0.0016785034584594395 -0.27080632048822784 0.0470483043627314 0.0017310684741858075 0.9988911154167561 71.45431863338557
0.9988605108134638 0.0011099136955673666 -0.04771213712521261 -2.094371729903677 -0.0011935714290329772 0.999997799998841 -0.0017249303531364007 -0.2730251755365269 0.0477101176346328 0.0017799126573422317 0.998859638080458 72.27697270582854
0.9987625532485724 0.0010941627174673697 -0.04972087123473391 -2.133397184122569 -0.0011836681744025637 0.9999977316851939 -0.0017707495930199704 -0.2766927735473016 0.049718820963958875 0.001827411397572619 0.9987615828662711 73.09421434096006
0.9986259224520989 0.0010215402736683035 -0.05239488011403938 -2.1753330692400477 -0.001117745130054131 0.9999977429115733 -0.0018068806226680476 -0.28067354295655983 0.052392916052836094 0.0018629619506599397 0.9986248102867525 73.91283355420975
0.9984511769730505 0.0009997067725920458 -0.05562596325008687 -2.2144204136140364 -0.0011052575826910223 0.9999976467703607 -0.0018667778169870952 -0.28875209249202854 0.05562396611899488 0.0019253675261945975 0.998449932321638 74.7017824638682
0.9982747837577018 0.001006720335291549 -0.05870641044793338 -2.2521039166997245 -0.0011196911216855795 0.9999975843105428 -0.0018914716154673399 -0.2940994050487427 0.058704364448537674 0.0019539414644790696 0.9982734994516524 75.4512962785089
0.998103657463131 0.001023429992680558 -0.06154706775933324 -2.2894113369988727 -0.001142349644566648 0.9999975481776239 -0.0018970176676527688 -0.29727603510178086 0.06154497539207761 0.0019637285433353998 0.9981023794051381 76.18834402366713
0.9979090790323075 0.0010583413542670252 -0.06462468490035794 -2.3265665047510695 -0.0011842695991015886 0.9999974740624243 -0.0019103335543213084 -0.30079067302749457 0.06462249987743705 0.0019828722475163044 0.9979078117377588 76.91971994478168
0.9977187114277716 0.0010865096850621533 -0.06749957306244142 -2.361698999183909 -0.0012175471148344536 0.9999974534081746 -0.0019001989869048453 -0.3045676941293342 0.06749733658397762 0.001978047995105792 0.9977174935221893 77.60164726260929
0.9975545237881862 0.0011272257612043807 -0.06988348468564638 -2.3993894857204188 -0.0012607023521276934 0.9999974644978141 -0.0018659119816497997 -0.30768573318614306 0.06988120419186436 0.0019494512118034106 0.9975534155826792 78.27002805138402
0.9974093810285141 0.0011717818645826693 -0.07192463808445132 -2.436211648071411 -0.0013111513738611456 0.9999973533796266 -0.0018905332100101666 -0.30855727967833896 0.07192223243470894 0.0019799396468489837 0.9974082776479269 78.89639723314342
0.9972245281749239 0.00120474690216287 -0.07444319304814419 -2.4690898038829343 -0.0013509339559822132 0.99999725690244 -0.0019134171116645033 -0.3122242398384183 0.07444068365986516 0.0020086743136619365 0.9972234202242519 79.49897581545382
0.9970471814263692 0.0011993757295915254 -0.07678202594092748 -2.5044299922948823 -0.0013591612552990996 0.9999970183113723 -0.002028804832438085 -0.3157639818756377 0.07677936370155782 0.002127173294608868 0.9970458386871487 80.09942042645471
0.9968677752755826 0.0012464642806904655 -0.07907644999561378 -2.5391795888396254 -0.0014154527231130488 0.9999968329407111 -0.0020810098840098397 -0.31826477584982393 0.0790736056513201 0.0021864206698797898 0.9968663824474949 80.67640702547367
0.9966937150567411 0.0012274395146266554 -0.0812411949606297 -2.572649649088327 -0.001413943832766937 0.9999964956145909 -0.0022381960093599495 -0.32309285739312404 0.0812381630099481 0.002345666382175337 0.9966919577883601 81.22207221496548
0.9966330121427416 0.0012508785291867994 -0.08198215909691707 -2.6115497706649893 -0.001449282192626394 0.9999961635191654 -0.002360620273954962 -0.32360570552776186 0.08197889172471864 0.0024714873774491814 0.9966310014552685 81.73725197881421
0.9966839932096 0.0012964631866727542 -0.0813593071687116 -2.649517666242069 -0.0015014465240867844 0.9999958510704436 -0.0024583531551518253 -0.32193667869078896 0.0813557824503119 0.0025723578883467095 0.9966818046080671 82.20022648337276
0.9969327081488971 0.001351361720826502 -0.07825183221117989 -2.6960058125378423 -0.0015545322950540788 0.9999955772980004 -0.0025355105567549624 -0.3146761449586045 0.07824805973473595 0.0026493784062052725 0.9969303997480523 82.65120311425278
0.9973861614475107 0.0014459258060789749 -0.07224094581028541 -2.74909990145314 -0.0016402018127603913 0.9999951963331204 -0.0026300282694833336 -0.3044102796938811 0.07223679596310112 0.002741643530471975 0.9973837419467688 83.081476350615
0.9979638810313595 0.001492755109549102 -0.06376412658392416 -2.7908535370898915 -0.0016718051170393005 0.9999948082166245 -0.0027547427190035283 -0.3033713232744371 0.06375968337812254 0.002855734928206185 0.997961195414703 83.50695054241754
0.9985749483433992 0.0014972805076772183 -0.05334632782169617 -2.830553490995637 -0.0016599692593987192 0.999994105738428 -0.003005493380487907 -0.30552017050837643 0.05334151331783156 0.003089763661452961 0.9985715479210697 83.93235753691614
0.9991626398784023 0.0014850722826370857 -0.040887817642161504 -2.8596007769564866 -0.0016180299945053706 0.9999935104137725 -0.00321886770117697 -0.3122892141861869 0.040882772045938806 0.0032823300650821874 0.9991585586177926 84.36220243495431
0.9996322570419083 0.0015161763803697619 -0.027074931033799356 -2.879523735857875 -0.0016110858619094426 0.9999926331585334 -0.003483967710660252 -0.32457453518440565 0.02706944926752188 0.003526306544669164 0.999627335599876 84.77477294116066
0.9999312588812839 0.0015338978656916332 -0.011624313718650163 -2.8910585867618512 -0.0015781111130939534 0.9999915526070797 -0.003795297063097477 -0.33787156711231336 0.011618393925440047 0.0038133806287929902 0.9999252327303149 85.1900590732354
0.9999779985906999 0.0014312525355806528 0.006477179225462103 -2.8931665383195044 -0.0014055528041307247 0.9999911295402686 -0.003970549343977643 -0.3470089307557645 -0.006482804628720782 0.003961357968873172 0.9999711400271457 85.61040580178312
0.999621832457007 0.0013902902723578945 0.0274637792056248 -2.8874197740387637 -0.0012764710093667864 0.999990526483265 -0.004161437910732088 -0.35718532574363404 -0.027469304633699152 0.004124807472018436 0.9996141371880757 86.01558770392623
0.9986904455799253 0.001337792500026575 0.05114297819445567 -2.8710624489522907 -0.0011133061614581052 0.999989622524891 -0.004417622880812776 -0.3709711032169578 -0.0511483573222303 0.004354899970503777 0.9986815710673176 86.41548539479278
0.9969858037981773 0.0012998198346056136 0.07757330399887141 -2.8435701084636986 -0.0009451853598010085 0.9999889357488928 -0.0046081454439312695 -0.3705661572367546 -0.07757843546720546 0.004520934438185595 0.9969760014675718 86.83583720245063
0.9942302234776873 0.0011980616418690137 0.10726055832323071 -2.8022495996317587 -0.0006873915885468953 0.999988253905336 -0.004797868710277242 -0.38001413868249007 -0.10726504657302338 0.004696456074461311 0.9942193686928601 87.26041650242509
0.9903984018592861 0.001139677824273624 0.13823786286336343 -2.743865514086263 -0.00044874786656472513 0.9999872528681645 -0.005029187462582911 -0.3830464530330199 -0.138241832380526 0.0049188652795544695 0.9903862885482804 87.69161307204692
0.9849621560375386 0.0009599547946736702 0.17276755963049553 -2.673911919749777 -7.941304089110671e-05 0.9999869737814693 -0.005103524365366461 -0.37603071238768404 -0.172770208275193 0.005013058365023864 0.9849494019381791 88.09734708673223
0.9775776909323534 0.0009073081805220694 0.210573110779213 -2.5996202384069615 0.00022163782053210993 0.9999857301370727 -0.005337639825040362 -0.38191773746251895 -0.21057494881406394 0.005264628580527297 0.9775635399388957 88.48316657020088
0.968221569190094 0.0009104166598301887 0.2500923111504607 -2.5029184608297275 0.0004474857934778177 0.9999854668658331 -0.005372691465775271 -0.37509930694847765 -0.25009356791316717 0.005313868518065022 0.9682070904976045 88.8705634452038
0.9569627584535491 0.0007371007901580996 0.29020981309287347 -2.3867232852883635 0.0008666463748500792 0.9999850572778576 -0.005397605493253294 -0.3594784471665355 -0.2902094551475474 0.005416816724330556 0.9569478200192216 89.25929918593873
0.9429228338785025 0.0006295432925872576 0.33301071007668487 -2.2527944199441365 0.001225709671760996 0.9999848783338929 -0.0053610390177596615 -0.3570383001025361 -0.3330090494060719 0.00546322055130015 0.9429078036769418 89.6566766817936
0.9271824415168932 0.0003860835447185 0.37460989186388327 -2.088010823387751 0.0016971629217087808 0.9999848770044535 -0.005231194930892857 -0.3467024355928699 -0.37460624631843903 0.00548604610665275 0.9271677644942832 90.05169230115443
0.9092443204742923 0.00039427836329660343 0.4162626697529044 -1.9312146224333833 0.0019566000438658365 0.9999844564132427 -0.005220981534115238 -0.35092582658719407 -0.41625825805803746 0.005561607365093677 0.9092294161112511 90.42875249754678
0.8894733733470032 0.0005208526192380682 0.45698670310989636 -1.7587308647872395 0.0021051834963872135 0.9999840696335345 -0.0052372398838383535 -0.3572969833295816 -0.45698215097435724 0.005620426291960522 0.889458107219867 90.80141986866782
0.8677661696716656 0.000542024524966534 0.4969724147100935 -1.5725137869171286 0.002487617190683228 0.9999821400472038 -0.005434275234729302 -0.36104289738283474 -0.49696648431667867 0.005951957327510819 0.8677493230593116 91.16160090429089
0.8443913911168512 0.0004493931869867408 0.5357265875925078 -1.3624540497054478 0.0028327906802707104 0.9999819225116003 -0.0053037672427497665 -0.3530563448297662 -0.5357192864781997 0.005996056684770747 0.8443748536044422 91.52152821848404
0.8183386484512142 0.00021086535861338928 0.5747362977808529 -1.126573643174723 0.0033033579945605657 0.9999816894076216 -0.005070372317556545 -0.3447844897971001 -0.5747268431846563 0.006047841373532196 0.8183229676220273 91.87731538771554
0.7896213633000091 4.50430164011705e-05 0.6135944104955343 -0.8808934238117893 0.003711731291001822 0.9999813503259253 -0.004849953727845145 -0.3408086547172561 -0.61358318561631 0.006107124647943135 0.7896064699313683 92.22993549447813
0.7586270902182679 -7.122417696279017e-05 0.6515250823368823 -0.6143231929791655 0.004014940853604844 0.9999815174825146 -0.004565626277868951 -0.349624659451667 -0.6515127153301821 0.006079442448426389 0.7586133548406665 92.58354345380245
0.7268309078287686 -4.1595725566866053e-05 0.6868164454165352 -0.34351090859471567 0.004164088898841499 0.9999818855948643 -0.004346129977608954 -0.36734773680077565 -0.6868038233647593 0.006018866333068111 0.7268179149275386 92.91746369855358
0.6932570149447401 -4.017771687844443e-05 0.7206904395200898 -0.054573979698094244 0.004542289608540985 0.9999803798764354 -0.004313637362131685 -0.3974211529758578 -0.7206761261725141 0.006264044055632451 0.6932435956552713 93.24056052544823
0.6567556420443056 -7.954631379588243e-05 0.7541034546501936 0.25776339146560173 0.004932113723908819 0.9999790591056967 -0.004189940846805969 -0.4188666619311596 -0.7540873297551068 0.006471091288898984 0.656742281325289 93.5679149114555
0.6193241989929824 -6.836521236851207e-06 0.7851353618930709 0.5926393368100925 0.005070427090118268 0.9999791815005209 -0.0039909064975420456 -0.43721729518805225 -0.7851189892690313 0.006452636578198549 0.6193113402565513 93.86861492515845
0.5791326226371716 -0.0003447913208965464 0.8152332712275285 0.9548384269236383 0.0055558438871334765 0.9999783571898044 -0.0035238828983871267 -0.4662862683990135 -0.8152144122843351 0.0065701043313465025 0.5791220041864951 94.15150486987058
0.5375967957446759 -0.0006282719704663958 0.8432018088686652 1.3364015758641654 0.00611098475235903 0.9999763630293459 -0.003151070922460946 -0.4932443807931762 -0.8431798984027159 0.006846799028237187 0.5375879279454235 94.40787836885269
0.49399645892670685 -0.0009648567506883002 0.8694633791134194 1.7378068305976395 0.006200450087172389 0.9999778652639697 -0.0024131723582373433 -0.5079586240395505 -0.8694418054053942 0.006583162884566055 0.49399150699161315 94.65129934945381
0.4490085077975188 -0.001355546415512367 0.8935264531167287 2.1464792585280956 0.006285762477556211 0.999978896891978 -0.0016416335700310783 -0.5134928569084547 -0.8935053716209668 0.006353602491334985 0.44900755296527184 94.85692892479287
0.4039069867547964 -0.0016186632507029849 0.9147986259171699 2.565277355296137 0.006472566558436147 0.9999784603784417 -0.0010884214751420399 -0.5095011907597647 -0.9147771597131227 0.006360716032158639 0.40390876365678346 95.03352227512828
0.35986632771636534 -0.0018235351521934656 0.9330020905097087 2.944659010459489 0.00633941407362594 0.9999797853069166 -0.0004907206288348759 -0.5132051842816436 -0.9329823353124866 0.006091280413933139 0.3598706132734077 95.18801447290525
0.31997492460720167 -0.0015801520619799982 0.947424693968907 3.325238213677542 0.00652805492184046 0.9999785478753064 -0.0005369246973663344 -0.5162096989863465 -0.9474035212735668 0.006356642876096449 0.3199783757846662 95.32520163325123
0.2844160076326877 -0.0014300231516668673 0.958699895502273 3.714562834429643 0.006641701990262135 0.9999778290321303 -0.00047878895099538494 -0.504796719370721 -0.9586779555184087 0.006503574245962294 0.284419199642134 95.43683033975894
0.2533343345504554 -0.0010705872813213104 0.9673781932526448 4.0869043043621405 0.006479664503801942 0.9999788325756457 -0.0005902106119584028 -0.4989244200099952 -0.967357084475943 0.0064178067531963125 0.25333590916149806 95.53950751874449
0.22512835111974394 -0.0008934605626462933 0.9743287059562233 4.511351761227493 0.006320707573131433 0.9999798764403062 -0.0005434797184694945 -0.4975511278261747 -0.9743086134166532 0.006280799523342906 0.22512946803887662 95.63227661916115
0.19983913115078533 -0.0007632111969157829 0.9798284233321508 4.935112255553173 0.006298539909845683 0.9999800361322114 -0.0005056995398732063 -0.49647599046001367 -0.9798084762115016 0.006272546985830331 0.199839948704976 95.72456834583144
0.1767652852068735 -0.0006002833070046026 0.984252850443261 5.376896070643211 0.00627750414309566 0.9999801623591129 -0.0005175229222981806 -0.4985187675983082 -0.9842330145283014 0.006270131433472412 0.17676554688157153 95.81070890181446
0.1539187020855561 -0.0002071118318866423 0.9880834935636702 5.80342442190604 0.006422310627520504 0.9999790640377788 -0.0007908301529851704 -0.5027860800648439 -0.9880626432946965 0.00646750267230914 0.15391680978594363 95.89501975566944
0.13258777549327977 0.00019091144344383072 0.991171249251392 6.246241549043301 0.006681300732690477 0.9999770897620033 -0.001086357046756083 -0.5048936928778592 -0.9911487486801688 0.0067663508580658935 0.13258346233902132 95.96908080353082
0.11412677868842963 0.0005134999744811271 0.9934660611736965 6.711999840016546 0.00687029045539632 0.9999755462996839 -0.001306105549596649 -0.5066285673186942 -0.9934424379375294 0.006974462016844365 0.11412045997241252 96.02943170068298
0.09892569697539463 0.0006337382455115859 0.9950946210555903 7.2225298522824355 0.007028855745867778 0.9999744053413527 -0.0013356081428589637 -0.5096765071237215 -0.9950699983744046 0.007126502511307037 0.09891871055124124 96.08684867055963
0.08725412290568098 0.000675215448639052 0.9961858572174465 7.763368436143462 0.007105717396029539 0.9999739088418005 -0.0013001599662435764 -0.5160841775826249 -0.9961607434627453 0.007192059492800268 0.0872470484543977 96.1296130510775
0.07988027443150036 0.0007108208622727553 0.9968042117138401 8.297547167720708 0.007045524028741769 0.9999743637284613 -0.0012776842407356953 -0.5134289779134739 -0.9967795655750122 0.0071250697933676254 0.07987321849362963 96.17450928377964
0.0770310888920793 0.000646772989914896 0.9970284815534611 8.846329142783947 0.007010966922413473 0.9999747143777626 -0.0011903562175356228 -0.5128552549827435 -0.9970040409581672 0.007081828140481671 0.07702460660902688 96.2109170951406
0.077493185388573 0.0006323251062373529 0.9969926812084895 9.426719070360171 0.00700581953186778 0.9999747641935108 -0.00117875731982379 -0.515032979139113 -0.9969682666519635 0.007076096458652901 0.07748679982996298 96.2485101762032
0.07977882403563112 0.0006773633179150615 0.9968123596818148 10.037212381106665 0.006979849512947858 0.9999748740428427 -0.001238137220726245 -0.5177486050275845 -0.9967881524859079 0.007056377394689801 0.07977209162229215 96.28551538967616
0.08157451364361408 0.0007234832255519929 0.9966669831472449 10.662297630097763 0.006935050090427793 0.9999751156596179 -0.0012934998170591944 -0.5199720400379033 -0.9966431175722091 0.0070174520700764 0.08156746632324173 96.32645147929894
0.08271707247812647 0.0007775337013390821 0.9965727677204471 11.313750031260406 0.006894108962857801 0.999975320819806 -0.001352410046564351 -0.5226692832296 -0.9965492246659259 0.0069823486499233445 0.08270967068653078 96.37132348500457
