1.0 0.0 0.0 0.0 0.0 1.0 0.0 0.0 0.0 0.0 1.0 0.0
0.9999992285698063 6.173781021380412e-05 0.0012405838283495207 0.002342616906389594 -6.14914536584663e-05 0.9999999783847847 -0.00019861830502304514 -0.0012079745065420866 -0.0012405960637932548 0.00019854186649989725 0.9999992107509554 0.9858962297439575
0.9999967248136233 6.169531472292609e-05 0.002558623793069814 0.00563591003468276 -6.0627327469517697e-05 0.9999999110163942 -0.0004174823716667734 -0.004899254821028183 -0.0025586493221005546 0.0004173258818116236 0.9999966395707311 1.9805496528860325
0.999993340341402 3.713758843058024e-05 0.0036493689378249874 0.012953866739823443 -3.469432403296837e-05 0.9999997752399609 -0.0006695642848255593 -0.012648988897340355 -0.0036493929835955197 0.0006694332133675683 0.9999931168713232 2.977691657972542
0.9999894795400958 9.966181392903769e-05 0.004585943376320171 0.018149120207415503 -9.507126598294933e-05 0.9999994942686949 -0.0010012111708878593 -0.02506601960436244 -0.004586040839586458 0.0010007646462433678 0.9999889832890861 4.007017816415191
0.999983864801387 0.00018777196743426027 0.005677576821986014 0.02820219211437474 -0.00017988144884993165 0.9999990174269103 -0.0013902474162893615 -0.03801107735971262 -0.00567783229284439 0.001389203693626483 0.9999829160208447 5.024259478827556
0.9999790684515494 0.0003569453667783037 0.006460282406889817 0.03918892581591303 -0.0003465104449486776 0.9999986337683139 -0.0016162895833450085 -0.03909915542334417 -0.006460850507725439 0.0016140171965699788 0.9999778259337581 6.058889577104527
0.9999743124351864 0.0005725685706937048 0.007144692786126659 0.049536028272411006 -0.0005604144708645684 0.9999983928230521 -0.0017030228810954646 -0.03620894663140554 -0.007145656400718001 0.0016989751453576 0.9999730261752353 7.069171064862156
0.9999730954504275 0.0006789725957196236 0.007303928498065188 0.0634122833489245 -0.0006659657368193644 0.9999981885419605 -0.0017830878932511651 -0.03569646348364327 -0.007305125935120467 0.0017781757539506587 0.9999717362136089 8.094256229220317
0.9999796942101705 0.0006539527685097447 0.006339046703627218 0.06819219065866643 -0.0006432519055975353 0.9999983650977285 -0.0016899789514431868 -0.03004698220853327 -0.006340141506319383 0.0016858670312140023 0.9999784799974609 9.155204026883997
0.9999919844355062 0.0005039373025012422 0.0039720412804893235 0.07677226916925593 -0.0004976410434885955 0.999998618519972 -0.0015859733729733122 -0.02888842217901991 -0.00397283502433704 0.0015839840097338531 0.9999908537464358 10.183855367743757
0.9999989884006174 0.00038376884830499915 0.0013696420018252937 0.08297416584950607 -0.0003815700635678327 0.9999986387516828 -0.0016052722723004643 -0.031950426784024405 -0.0013702561908935837 0.001604748034022323 0.9999977735883805 11.236461160823769
0.9999998523599549 0.0003719842801545449 -0.0003961158466722276 0.08712488994156245 -0.0003726826882047932 0.9999983737709207 -0.0017645291519761473 -0.04607519128702707 0.0003954588253907048 0.0017646765169795613 0.9999983647632166 12.247771856755067
0.9999994616256039 0.00037757335583989696 -0.0009665334259342922 0.084869026051535 -0.000379370184901145 0.9999981990983455 -0.00185953712754187 -0.04988707471414909 0.0009658295736290866 0.0018599028003792011 0.9999978039649924 13.238452333219978
0.9999986772983173 0.00030919296460687454 -0.0015968097339748276 0.08760181500275761 -0.00031237364027197255 0.999997967119841 -0.001992028838829552 -0.05828386526671238 0.0015961905665497359 0.001992525005239078 0.9999967410045786 14.261943481046808
0.99999710478609 0.0002722302405610477 -0.002390880618830896 0.09081123810403356 -0.00027751973929449454 0.9999975143279235 -0.002212311182701924 -0.06822258509859531 0.002390272417880235 0.0022129682941538368 0.9999946946704751 15.256202551475054
0.999995522062367 0.00021801491880507355 -0.002984681676319851 0.09303737531362603 -0.00022540922341420652 0.9999969060680967 -0.0024773059796173516 -0.0822340223350529 0.002984132352255984 0.0024779676611744747 0.9999924772868912 16.276400065026593
0.9999915095759364 7.687259131060052e-05 -0.004120056631176061 0.10073325418077343 -8.78786554908771e-05 0.9999964284144652 -0.002671223625176046 -0.09528961700954483 0.00411983657215935 0.0026715630103919933 0.9999879447761856 17.28215141757437
0.999989335428015 6.412690136003803e-05 -0.004617891074612163 0.10622832142627454 -7.735045514695697e-05 0.9999958973941993 -0.0028634265622928864 -0.10285472067190292 0.004617688506552734 0.002863753221050629 0.9999852378262116 18.307432379972166
0.9999857048812583 8.723548079011509e-05 -0.00534625318363662 0.10548860251122953 -0.00010279562218168925 0.9999957598709591 -0.002910270290465577 -0.1023065322351997 0.005345976636005213 0.002910778259228556 0.9999814737802559 19.317347442697034
0.999983145405365 7.378470684856668e-05 -0.005805468198978811 0.10778126795790567 -9.098931054936725e-05 0.9999956052516125 -0.0029633086925018245 -0.1055709866048443 0.005805224038543622 0.002963786982683874 0.9999787574446687 20.341281002803672
0.9999808588716772 2.6256294789806647e-05 -0.006187180365045707 0.10896391875133465 -4.467223562918516e-05 0.9999955696685863 -0.002976348029307154 -0.10595266299303756 0.006187074805914913 0.0029765674538267377 0.9999764297979922 21.369221309638156
0.9999787996790201 4.82247289773584e-05 -0.0065113644408360625 0.11042809704452268 -6.821308291881672e-05 0.9999952865106253 -0.00306957708949661 -0.1113391087087913 0.006511185720065734 0.0030699561737195557 0.99997408957913 22.422202531861597
0.999976029400554 8.698068595452e-05 -0.006923370469848625 0.11190615956505054 -0.00010848748939488698 0.9999951702009794 -0.003106091624462217 -0.11554861443432705 0.006923066861380571 0.0031067682686644663 0.9999712091536224 23.491993713275193
0.999970771645061 0.00016579681715959548 -0.007643845040079093 0.1107331760107222 -0.00019040991610529175 0.9999947996741221 -0.0032193739728544808 -0.1183498931231729 0.0076432715276359715 0.0032207353397421218 0.9999656030405376 24.53404616798873
0.9999633066691612 0.00018929431199597296 -0.008564431267782 0.1100089539466007 -0.00021754845673846576 0.9999945372640217 -0.0032981987182390603 -0.12359066284897632 0.008563760152297978 0.0032999408751474657 0.9999578853143138 25.57169144051761
0.9999572240313553 0.00019004221406514242 -0.009247377545159835 0.10165640912784818 -0.00022129172361064274 0.9999942687811079 -0.003378377556083404 -0.12874012607151925 0.009246682512064232 0.003380279410826839 0.9999515351123903 26.621987211064226
0.9999530010502422 0.00015821782144011525 -0.009693846384963633 0.09552318089127115 -0.00019244801982881333 0.999993749969143 -0.003530295513371494 -0.1334990862787559 0.009693227242459431 0.0035319951547313393 0.9999467817618362 27.692108549667722
0.9999513929138154 0.00013010255684001273 -0.009858746525044062 0.0936659287048383 -0.0001665818092875666 0.9999931430961922 -0.0036994609202357772 -0.1469951050273509 0.009858197615242814 0.003700923388053437 0.9999445580160207 28.759929814136655
0.9999476826118947 9.230491713474673e-05 -0.01022856387299057 0.09392306295158924 -0.00013244044137077397 0.9999922952190268 -0.003923259118827993 -0.1603206917518591 0.010228122928038388 0.003924408539671961 0.999939990458919 29.80574160022426
0.9999474236087754 0.00015544983114301704 -0.01025308994997626 0.09316616668870138 -0.00019561310053226857 0.9999923121339616 -0.003916300357427385 -0.16186793947112543 0.01025240233736497 0.003918100091202788 0.9999397665549603 30.87307093837062
0.999945786390364 0.00020121662916248862 -0.01041075367227892 0.09183153352407666 -0.00024249434511560545 0.999992114707862 -0.003963801028271074 -0.16473949572455487 0.010409873997763254 0.003966110685203369 0.9999379503196104 31.908507932477203
0.9999464542395623 0.0002557253043108778 -0.010345204603861674 0.0898201665397787 -0.0002970972864077859 0.9999919646049688 -0.00399780673600067 -0.1680635395954662 0.010344099135711857 0.004000666202614046 0.9999384952500859 32.952136510232414
0.9999518876959799 0.00028079245566448545 -0.009805276581681743 0.08493595668971753 -0.0003204828905588 0.9999917614158302 -0.004046528287683043 -0.17042899312277066 0.009804059565470497 0.004049476023265464 0.999943739497365 34.01712634898407
0.9999556427423991 0.0002614777930318155 -0.009415103663741034 0.08154973000278692 -0.0003002541468007058 0.9999914786078519 -0.004117348555859075 -0.17628737350901466 0.009413946838737064 0.004119992845486145 0.9999472002380281 35.054515771152886
0.9999585615159754 0.0002807566370804392 -0.009099254178874052 0.0712782560089991 -0.0003197636558939628 0.999990765367978 -0.004285665639184735 -0.18269009189564187 0.009097966921537519 0.0042883976584797544 0.9999494170423909 36.06808018434283
0.9999576469983085 0.0002462595156373181 -0.009200193794521274 0.06660716103158684 -0.0002878009939140022 0.9999897693880829 -0.004514231912263626 -0.20032671953611147 0.009198987998344803 0.0045166885459100746 0.9999474876934217 37.09509756187065
0.9999635055907241 0.0002003274688665931 -0.008540922410056991 0.0619028790546617 -0.00024151657547631682 0.999988345885071 -0.004821800886028946 -0.2147524981356282 0.00853985693399874 0.004823687691585849 0.9999519002835092 38.11040819635323
0.999977140469755 9.638641816207943e-05 -0.006760861453239009 0.057292333744908566 -0.00013104530264368953 0.9999868526459037 -0.005126144991082042 -0.23291517778129264 0.00676027847504481 0.005126913788950848 0.9999640060471882 39.15113592448482
0.9999892823731835 6.536965467256097e-05 -0.0046293482882126796 0.04870181002081897 -9.116309738513661e-05 0.9999844736342572 -0.005571730405197945 -0.25041665006271374 0.0046289121891654825 0.005572092715199565 0.9999737621331466 40.20288214672741
0.9999960203655505 -6.630663006662025e-05 -0.0028204355146069617 0.04980503411770895 4.9308201787511826e-05 0.9999818391279498 -0.006026523291694944 -0.27847993048022013 0.0028207838914889385 0.006026360237731757 0.9999778628352346 41.231089389041166
0.9999993304020502 -5.818379109047339e-05 -0.001155772511031947 0.05421165999506722 5.0798650879075785e-05 0.9999795901890205 -0.0063887890007863594 -0.2913033325388131 0.0011561206458979977 0.006388726011182058 0.9999789235603952 42.264373798506725
0.9999998350158726 -1.9942993971617233e-05 0.0005740823147681253 0.06054230906755877 2.3749075351364423e-05 0.9999780169826686 -0.006630609880825238 -0.29783149611341014 -0.0005739374604937755 0.006630622420804002 0.999977852475796 43.30170405825477
0.9999982646523237 -1.3264262558252233e-05 0.0018629322049094886 0.06538441933018671 2.5955429020876812e-05 0.9999767935712517 -0.006812609285323636 -0.30536099388389626 -0.0018627986086677522 0.006812645816282555 0.9999750586081265 44.30263351384068
0.9999965945947845 1.766939924260251e-05 0.0026096909061528667 0.06881138722171327 6.330082885825716e-07 0.9999754080525453 -0.007013079904385147 -0.31124103699051114 -0.002609750645679988 0.007013057673962236 0.9999720027198908 45.329220308336126
0.99999599264065 4.051041142484713e-05 0.0028307351601325292 0.07297550773969229 -2.02112377027034e-05 0.99997429034915 -0.007170650752913238 -0.31625692765005475 -0.002830952868932105 0.0071705648048777 0.9999702839115937 46.3698882195192
0.9999974331551803 3.8940991844838936e-05 0.002265428579532742 0.0814960793543842 -2.226051804910624e-05 0.9999728953447963 -0.007362613680944574 -0.3261742514273786 -0.0022656538833515185 0.007362544352644001 0.9999703294363972 47.396867800453
0.9999996387658846 8.939756316022237e-05 0.0008452669253969463 0.08994572572191813 -8.299110930310704e-05 0.9999712966823742 -0.007576207748430806 -0.33878698980301863 -0.0008459199579426196 0.007576134862006304 0.9999709428778308 48.4164982583744
0.9999999431106905 7.747354358574469e-05 -0.0003282932601707583 0.0948246354843172 -8.001632968663661e-05 0.9999699453294941 -0.007752550233044839 -0.34904547880486686 0.00032768277588660847 0.007752576060829348 0.9999698946410437 49.447642255009114
0.9999993832720817 2.6850548368072544e-05 -0.0011102857753134546 0.09517343069686095 -3.575276155515912e-05 0.9999678490268452 -0.008018705279824874 -0.35847588250663226 0.001110034771911328 0.008018740030248042 0.9999672332787375 50.49525626185223
0.999998126482486 -6.594083138932271e-05 -0.001934601592918506 0.09379243593161131 5.0104101952652667e-05 0.9999665014928165 -0.008184948490754145 -0.3750888251632063 0.0019350765089615027 0.008184836224634345 0.9999646313419694 51.51586566299697
0.9999970460738007 -0.000150769920172536 -0.0024259249994024916 0.08740294035303871 0.00013019002425229464 0.9999640251467474 -0.008481241823749566 -0.39977524422230765 0.0024271164432593624 0.008480900939552633 0.9999610909555556 52.57444825556771
0.9999963549778602 -0.00018535073859987826 -0.0026936362218392762 0.08500646882376348 0.00016146201435442273 0.9999606824027573 -0.008866091508108973 -0.4309824790480228 0.002695173651144705 0.008865624271078815 0.9999570674510355 53.62164831138939
0.9999961975843581 -0.00017392742333248497 -0.0027521929575390724 0.08476486478678397 0.00014860952598973756 0.9999576983772362 -0.009196704372180434 -0.4532693781227836 0.002753676094405409 0.009196260400397019 0.9999539219697156 54.64466218971771
0.9999952088321055 -6.388561865143496e-05 -0.0030948718002650043 0.09246023510363176 3.503238546681562e-05 0.9999565479071068 -0.009322074363259126 -0.46483466064598117 0.0030953328680958536 0.009321921278893844 0.9999517591854652 55.66536633558644
0.9999945549397186 -7.497872531011428e-05 -0.003299161878947619 0.09223711272158701 4.377714565641345e-05 0.9999552855148488 -0.009456482140776467 -0.4734134296604471 0.0032997233935995996 0.009456286221771039 0.9999498439803962 56.69154369669594
0.9999941357538643 -4.262424295621516e-05 -0.003424418352721392 0.08620790845046104 9.639730679410915e-06 0.999953615120071 -0.009631589452251083 -0.48460625533698154 0.003424670050696137 0.0096314999597692 0.999947751556835 57.72016716217906
0.9999950565714235 -4.369973482676143e-05 -0.003144029746541399 0.08303825409970679 1.2990643068731982e-05 0.9999523037052888 -0.009766787892097483 -0.4979912081525166 0.0031443065940130167 0.00976669876771088 0.9999473610801842 58.75457130566368
0.9999949054715749 -0.00011385401346433669 -0.0031899950090860754 0.07857388189012006 8.277036609800014e-05 0.9999525368711311 -0.009742543510596394 -0.5105456350319336 0.003190952829621896 0.009742229839876791 0.9999474520082476 59.77907680925531
0.99999638946842 -0.00014414898909099935 -0.0026833321060917743 0.0756270265656858 0.00011718280780274407 0.999949521166512 -0.01004695909479945 -0.5313356019594365 0.002684644913614148 0.010046608379545892 0.9999459277089718 60.77418156337316
0.9999978301782777 -0.00022694886670917221 -0.002070780757806444 0.07814989364781667 0.00020582054166425062 0.9999479820791808 -0.01019758665953354 -0.5481395324864581 0.0020729873708324954 0.010197138323371248 0.9999458590810677 61.770623229286336
0.9999998111729178 -0.0002148219500556152 -0.0005757652794600022 0.0791039503851408 0.0002087974496629789 0.9999454467072877 -0.010443180214282425 -0.5623473643523114 0.0005779772939065869 0.010443058024005218 0.9999453027447827 62.76587359671716
0.9999952554186508 -0.0004069225767957868 0.003053449557873913 0.0762621585413322 0.00043974358532774106 0.999942057286098 -0.010755867981017457 -0.581662061922247 -0.0030488958272052646 0.010757159683783034 0.9999374919212562 63.76904438779161
0.9999731848314092 -0.0006102312757827607 0.007297755539694079 0.06272630543460285 0.000691878523871782 0.9999371427015565 -0.01119070819719505 -0.6047742347098958 -0.007290467902356078 0.011195457276798468 0.9999107514244099 64.85007847830136
0.9999212186343808 -0.0006933052317842973 0.01253299056845298 0.03828088064538834 0.0008431236361434531 0.9999282097363655 -0.011952594528408203 -0.6431117507219268 -0.01252380402543602 0.011962219747268386 0.9998500185685103 65.95782387821734
0.9998572935228353 -0.0008197532659373788 0.016873665688647788 0.034563023073474405 0.0010293075193237586 0.9999224126125348 -0.012414075928479183 -0.6795425405133018 -0.0168621800257241 0.012429672550408053 0.9997805609857944 67.01005196705795
0.9997695084647413 -0.0006290416049697745 0.02146006176196342 0.02324742540755385 0.0009020943699173864 0.9999187356681369 -0.012716457273239246 -0.6941257069748636 -0.021450318643689927 0.012732885238372831 0.9996888303185099 68.08765789206798
0.9996545424005763 -0.0005361667405857961 0.02627752619862653 0.019153321040944436 0.000879395142564663 0.9999144341999092 -0.01305185591625584 -0.7135585501417809 -0.02626827977002775 0.013070455382340673 0.9995694776622691 69.14420039902105
0.9994878678266228 -0.0006541659162403942 0.03199334515714608 0.030922435362089995 0.001087518518816973 0.9999078798998234 -0.01352956088391405 -0.7341652667221739 -0.03198154734939329 0.01355742531583103 0.9993965063216622 70.1900107972649
0.9993149593104529 -0.0008084410958362094 0.036999439473340584 0.052806896064071206 0.0013329118607850647 0.999898958109693 -0.014152629335978521 -0.7642499158792018 -0.036984259412866594 0.014192251200735709 0.999215064218678 71.17689805112533
0.9991505032685923 -0.0009089820324047548 0.041200067594389544 0.08412939542345499 0.0015100970617089034 0.9998928372470847 -0.014561374551840702 -0.7945681676328112 -0.04118241645389113 0.014611220812770604 0.9990448042011822 72.1608029431125
0.998993396736382 -0.000843204098839007 0.04484955165832121 0.12624067562512814 0.001519022175965232 0.9998857899068485 -0.015036612450504638 -0.8238881953992182 -0.04483175045359762 0.015089604010889287 0.9988805824532083 73.18005195780218
0.9988087711428453 -0.0008817685719439785 0.04878792035231612 0.16895263929346327 0.0016325527171211958 0.999880833334649 -0.015351022820437358 -0.8490483984640321 -0.0487685704090681 0.015412385091000675 0.9986911859659433 74.12727906192744
0.9986156384038848 -0.0008326311929869782 0.05259385382815229 0.22080546378575366 0.001654165836610426 0.9998772755034745 -0.015578756918760168 -0.8704101884505644 -0.052574427914962404 0.01564418924218483 0.9984944611125136 75.03008221177602
0.9983857484276887 -0.0007892481382687914 0.05679149957396082 0.2808302331994659 0.0016888628464553617 0.999873834272588 -0.015794406583305064 -0.8950566723048639 -0.05677186872711536 0.015864823491269185 0.9982611192953584 75.95795615509688
0.9981667253896428 -0.0007504333867201026 0.06051962635912946 0.35070314840334516 0.0017220635186696463 0.999870441081712 -0.016004235323820094 -0.9221128480560907 -0.06049977538928729 0.016079113806259322 0.9980386962823891 76.90139348034488
0.9979721214561913 -0.0007159513685362269 0.06364850516599686 0.4135945960846781 0.0017397267114585963 0.999869983937331 -0.0160308631124806 -0.9392509378244841 -0.06362875251957624 0.016109085473717755 0.9978436146100264 77.82643838823797
0.9977619073693852 -0.0007152588599687223 0.06686302870322791 0.4816776826667066 0.0017945279328370224 0.999869052625188 -0.016082825370794106 -0.9579368601633741 -0.06684276978180746 0.01616681809053428 0.9976325366189316 78.74751641984314
0.9975624560253525 -0.0006693052824316775 0.06977605863836489 0.5472451383446936 0.001792089902782016 0.9998699068628392 -0.01602990217929434 -0.9711888915573319 -0.06975625235379244 0.01611587355796474 0.9974338794511733 79.65498566149932
0.997339966196629 -0.0006368738785721476 0.07288749013766715 0.6149443965942277 0.0018030656442945786 0.9998714007515843 -0.015935209862039085 -0.9871836898449176 -0.07286796814230584 0.01602424259450833 0.997212857351972 80.56318888747819
0.9971268401293696 -0.0005629658628085385 0.07574792249992594 0.6885504629312343 0.0017763159787801933 0.9998711834004188 -0.015951843372775963 -1.0026903738794393 -0.07572918456685641 0.016040563421630735 0.9969993936457312 81.4770226554739
0.9968997814959143 -0.00048307265581958015 0.07868031706981324 0.7613608160219006 0.0017430577330578346 0.9998713337132697 -0.015946089432407034 -1.0209043060600034 -0.07866249044580505 0.016033797405988856 0.996772356126316 82.38169139593468
0.9966465817227657 -0.000442168684895814 0.08182539720147954 0.8343345414936906 0.001751390579507337 0.9998715898419295 -0.01592910725716318 -1.0388804844992416 -0.08180784663688324 0.016018998527570095 0.9965193765877359 83.2650420684323
0.9964689095129788 -0.00041421485632197003 0.08396154357839535 0.9118199174107813 0.0017544454028572327 0.9998722182069764 -0.01588927874979605 -1.0556370962591404 -0.08394423324649747 0.01598047821290493 0.9963423056463799 84.16818678829021
0.9963039406921884 -0.0003456432727220726 0.08589725427476474 0.9888763774122694 0.0017097978372676262 0.9998735811213812 -0.015808174052060548 -1.07046921818647 -0.08588093125118777 0.01589661304280214 0.9961785800453632 85.02929412878773
0.9962432501087134 -0.0002964741963889066 0.08659849141802411 1.0704085634598717 0.0016674015705592767 0.9998744298777303 -0.015758941864413224 -1.0850414120763645 -0.0865829451152432 0.01584413392187577 0.9961186460635282 85.90325126390772
0.996295518574103 -0.00028985470005100846 0.08599509086809029 1.1525592034941583 0.001641909829639747 0.9998761493980587 -0.01565215630582434 -1.0987554680177274 -0.08597990347325112 0.01573536936851125 0.9961726026896981 86.79274857600049
0.9964393144959434 -0.0003013923776459118 0.08431252391838626 1.2333834333829097 0.0016232188580167085 0.9998768453659801 -0.015609588768272035 -1.114730763016844 -0.08429743582928688 0.01569086561061186 0.9963170876026353 87.67499924843783
0.9966120532300031 -0.0002705115034446621 0.08224562103968307 1.3147293384645198 0.0015550094997313622 0.9998778173329883 -0.01555417470888183 -1.1277373356871703 -0.08223136446716911 0.015629370714944905 0.9964907051593219 88.5779743627898
0.9968255164699478 -0.00025088205334322254 0.07961674932208887 1.396879315852455 0.00148734306327704 0.999879206989496 -0.015471239144558595 -1.1396544264403832 -0.07960325071900742 0.015540543370529559 0.9967054800625486 89.50753605938021
0.9970617798827475 -0.0002748871789714748 0.07660111966600451 1.476244141048668 0.0014602988241782578 0.999880045480128 -0.015419538838779506 -1.1520867583190944 -0.07658769238194095 0.01548609336454364 0.9969425792330838 90.4251885435659
0.9973385289785995 -0.0003192023657160167 0.0729092362094976 1.5535778347862899 0.0014411861370143301 0.9998813475026576 -0.015336684739133117 -1.1636029476549887 -0.07289568984049112 0.015400942377620975 0.9972206523014653 91.34371602767315
0.9976090852981324 -0.000327116899286302 0.0691086530411154 1.6288301536647192 0.0013839300476063514 0.9998828346394211 -0.01524472797589518 -1.175145584582741 -0.06909556909271683 0.015303920673144827 0.997492652776843 92.2694816313163
0.9978686717236255 -0.00034039840667521255 0.06525333801003226 1.6994188610844885 0.0013318598362784646 0.999884327929429 -0.015151135617162467 -1.1863499669750988 -0.06524063259888964 0.015205751873481072 0.9977536995511761 93.2052476372576
0.9981004703803474 -0.00038560383934420497 0.06160602516156752 1.7668334803769485 0.0013156308625682802 0.999885778725775 -0.015056514117918305 -1.199424200993203 -0.061593182593222676 0.015108964611405304 0.9979869733851284 94.15555339767792
0.998370410605891 -0.0004106499711877964 0.05706447750768415 1.8335933804399918 0.0012656023323300038 0.9998874881183947 -0.014946884458731198 -1.2113627111899474 -0.05705191913827467 0.014994748110169183 0.9982586017920166 95.09449998726332
0.998623746757623 -0.0004723019467525121 0.052444154513512156 1.8946592669700915 0.0012513803225148985 0.9998893421185736 -0.014823547651408883 -1.2247884921432228 -0.05243134996406701 0.014868774278879232 0.9985138321988278 96.02494145113538
0.9988520870447811 -0.0005033722361546905 0.04789838016755981 1.9513436437249623 0.001207664457620855 0.999891571217898 -0.014676081015038318 -1.236499296648533 -0.04788579907281511 0.014717079322815277 0.998744390634242 96.9762291987176
0.9990703164931376 -0.00047943297961678706 0.04310768894662731 2.00614444802023 0.0011071978047783421 0.9998936753814774 -0.014540015307439034 -1.2492034645501546 -0.0430961345751822 0.014574226433588943 0.9989646215500027 97.92355728863684
0.9992683160173418 -0.0005153401193924751 0.03824352269897007 2.0531465864656004 0.0010670260126329064 0.9998956502935319 -0.014406595002372367 -1.2605925242315204 -0.03823210770221361 0.014436860761098996 0.9991645925431959 98.87383667994956
0.9993931168656365 -0.0005016054986839158 0.034830250551945885 2.0984443741781598 0.000999351573610665 0.999897612054347 -0.014274687542842985 -1.2732455751702616 -0.03481952409238184 0.014300832141423254 0.9992912923377459 99.83363269651166
0.9994593091050246 -0.000499990862707974 0.03287612283167414 2.1371950860347875 0.000968549955824603 0.9998981671437703 -0.014237880934696162 -1.2852355385005776 -0.0328656561518128 0.014262024809427318 0.9993580155750218 100.792148892796
0.9994922182602328 -0.0004518452751543505 0.0318606571351845 2.1760659634233237 0.0009045303764897169 0.9998988325581782 -0.014195297587200437 -1.297988382534465 -0.031851019795863224 0.014216908406488784 0.999391510897168 101.74086881679588
0.9995207923504124 -0.00038664547197896776 0.030952159286260862 2.2125873947540553 0.00082695915901539 0.9998986328382848 -0.014214084095609364 -1.3117553422688881 -0.030943525942471198 0.014232868769391933 0.9994197935046314 102.69099266089145
0.9995474192637609 -0.0003724718251767237 0.030080191287519164 2.2475385389920097 0.0008007161275371565 0.9998984852451932 -0.014225964222158029 -1.3236732893187664 -0.030071838933417375 0.014243611519079965 0.9994462486967748 103.66229695810235
0.9995602585139719 -0.00033165028238932575 0.029650963012536544 2.2842947008158974 0.0007540593390732369 0.9998983786575716 -0.014236001983410627 -1.3380671405625746 -0.02964322846779305 0.014252100408315451 0.9994589319426571 104.6073182171045
0.999577245915366 -0.00023321761110505577 0.02907361446047866 2.3213905554804795 0.0006476556430539856 0.9998983082760639 -0.014246180148819985 -1.349882571908837 -0.029067335454401464 0.014258987208440935 0.9994757482267242 105.59091227460495
0.9995873871755567 -0.00023067971809091607 0.028722851293177427 2.3572937281800432 0.0006403804623241231 0.9998981794395564 -0.014255548615306392 -1.3636055519734704 -0.028716638250425433 0.014268060145918627 0.9994857563503674 106.59952613858391
0.9995961816756367 -0.0003061279891369659 0.028414430579206913 2.392087658171821 0.0007109324240003795 0.9998983899254271 -0.014237429530157896 -1.3824436357998027 -0.028407184911124293 0.014251880935230044 0.9994948302693879 107.60037649479
0.9995949886202903 -0.00036763175128778545 0.02845564218386154 2.4178091593679585 0.0007751329281248998 0.9998972938095202 -0.014310870041374945 -1.400062898311943 -0.02844745848303944 0.014327130881402283 0.9994926089904629 108.59859656984025
0.9996042063995885 -0.0003903661494145062 0.028129666946429974 2.455555732192346 0.0007965384675970433 0.999895571670519 -0.014429528064176479 -1.4220290881792683 -0.028121096612993644 0.014446223311115234 0.9995001303438272 109.60798227729661
0.9996215183716664 -0.0003957250868183935 0.027507515518106467 2.4901744976201567 0.0007955218775601258 0.9998941949639384 -0.014524669440619895 -1.4452314926870564 -0.02749885730835973 0.014541054950470969 0.9995160681888318 110.6266964945587
0.9996116619724826 -0.00045318378900972264 0.027862517349713567 2.524495091437774 0.0008610588338486951 0.9998926257117358 -0.014628589302281626 -1.4664602192054708 -0.027852896192216037 0.014646899731463839 0.9995047195996434 111.62866708366997
0.999613782463719 -0.000498127358250565 0.027785567795352337 2.5545192787578253 0.0009100154854744569 0.9998898653028047 -0.014813140671529682 -1.4899195471938043 -0.027775128809626716 0.0148327048738014 0.9995041436060857 112.64607340063962
0.9995845264034963 -0.0005666522622587724 0.02881758976580914 2.5798816517164718 0.0010029703045215188 0.9998850548930578 -0.015128484791093789 -1.5121950816397922 -0.028805704734740294 0.01515110249189096 0.9994701973886038 113.64866606158749
0.9995744844255653 -0.0005898107985909495 0.029163371008611067 2.607412083446138 0.001040075800969415 0.999880461305582 -0.015426643888545545 -1.5407321506598202 -0.029150786056164415 0.015450411727770449 0.9994556100446631 114.6429686016008
0.9995685517949432 -0.0005969194050253293 0.02936586368187658 2.6463874791989097 0.001057915597934002 0.9998764178418693 -0.01568533896026414 -1.5727198122698534 -0.02935287170186765 0.015709638154159877 0.9994456544464629 115.65680885640163
0.9995487294512937 -0.0005478655722137207 0.03003393573306331 2.6826707447331604 0.0010232066004094628 0.9998744318601159 -0.015813714322152273 -1.5981135557184825 -0.030021500637974007 0.015837308979891367 0.9994237785562836 116.67119942885623
0.9995335579059226 -0.0005618694954575666 0.030534421929952905 2.719499114854277 0.0010458315729415654 0.9998740547449855 -0.0158360627727364 -1.6149103874515551 -0.030521678463796095 0.0158606100289706 0.9994082590179357 117.7084649673888
0.9995185866960319 -0.0005423652888122806 0.031020971762006258 2.7538695892420364 0.00103368705035965 0.9998742499462692 -0.015824531129441557 -1.630247875413274 -0.031008488196744097 0.015848978966426737 0.9993934578160265 118.72690273890316
0.9995105550644819 -0.0005398067649086234 0.0312787295673347 2.788747007807632 0.0010350486331125502 0.9998743335918714 -0.015819156062732192 -1.6450803225052695 -0.03126625959428138 0.015843788463197277 0.9993855088893956 119.76048674689696
0.9995087637656592 -0.000518399322577857 0.03133627957790573 2.828161262276748 0.0010146497619035577 0.9998743021529964 -0.015822464407223673 -1.661548488259727 -0.03132413832019951 0.015846487188002932 0.9993836536597431 120.79804664833723
0.9995031136982477 -0.00046317150318102974 0.031516839620511286 2.86645970868328 0.0009653562016037538 0.9998727947430688 -0.015920503135515844 -1.6804604389253175 -0.03150545658946106 0.0159430174321734 0.9993764187733504 121.80961835796441
0.9994911156997528 -0.0004413907935407547 0.03189537288431549 2.9033420069665814 0.0009532759906969871 0.9998709692856554 -0.01603546209649949 -1.7005132375041203 -0.03188417949622841 0.016057706994776308 0.99936257141436 122.8462250712456
0.9994749812060837 -0.0004018061189779098 0.032397538408654024 2.942315672077914 0.0009272251794267087 0.999868268905686 -0.016204477437178594 -1.7225235146027689 -0.03238675958727732 0.01622600959534242 0.9993436918378218 123.85735316517034
0.9994688665769846 -0.0003823839330212288 0.032585863895934396 2.9840313646722487 0.0009117688760989489 0.9998678279896365 -0.016232536117377898 -1.743696519377174 -0.032575349895790404 0.016253625251406754 0.9993371134133633 124.87580293572596
0.9994745507950895 -0.00041127685598504394 0.03241069521471286 3.0298629076484 0.00094194653754829 0.9998657271036636 -0.016359721885816646 -1.7697579513151438 -0.03239961496181216 0.016381654825096206 0.999340735853151 125.88272964108116
0.9994744271836496 -0.0003535008182757081 0.03241518846291471 3.0713783901804996 0.0008899229754102018 0.9998628824419524 -0.016535548130228096 -1.7965878085660838 -0.03240489844163438 0.016555704516592783 0.999337696279364 126.91597030285163
0.9994808136973434 -0.00038215014099063035 0.03221734024039475 3.1132642501718686 0.0009216218002098906 0.9998595926599753 -0.01673157431578659 -1.8267045853317667 -0.032206422715865185 0.016752579714690272 0.999340831452788 127.94321011523856
0.9995033016073325 -0.00044259252829964444 0.03151117560319 3.1515346414112186 0.000975377198829884 0.9998568030613177 -0.01689443728924469 -1.8489922790122797 -0.03149918594759533 0.016916781131589766 0.9993606074890007 128.98293173090246
0.9995227605955975 -0.0005316389974065804 0.030886379058278166 3.186611999142328 0.0010557321778087525 0.9998557031530885 -0.016954595300710477 -1.8636361516053013 -0.03087290852712047 0.016979111643975097 0.9993790938812244 130.03799550818002
0.9995495335642605 -0.0006259225420670561 0.030005635677984723 3.2206941288186766 0.0011383299787713532 0.9998537684116863 -0.017063000844177997 -1.8816065218630336 -0.029990567789357523 0.017089470849629033 0.9994040803547638 131.08779800535095
0.9995646637701003 -0.000693349850105748 0.02949579983915062 3.258600457559894 0.001195390699868983 0.9998546639182447 -0.01700653056939242 -1.899135324743933 -0.029479721559752686 0.01703438601530358 0.99942021978237 132.15582798120195
0.9995846953727886 -0.000743540821661087 0.02880770597488814 3.2916853677114366 0.001234180431294724 0.9998544300625577 -0.017017505191421377 -1.91467322200624 -0.0287908592291389 0.017045991649756478 0.9994401035547473 133.20588923261909
0.9996066949525012 -0.0008079442729523252 0.028032171378416605 3.3259912379621963 0.0012867515060771067 0.9998535235584752 -0.017066801055339385 -1.9358645749292862 -0.02801427630153464 0.017096159035079446 0.9994613157444106 134.24917349096685
0.9996438172941036 -0.0008582202267709671 0.02667399489606066 3.3604423631700127 0.0013144399174267129 0.9998530790897491 -0.01709071333943517 -1.9595537323862278 -0.02665540833257269 0.017119687286560843 0.9994980767934644 135.32170958710824
0.9996734892333058 -0.0009054974287796317 0.025536150816320543 3.3966273135223446 0.0013426296432182596 0.9998527763681934 -0.01710622502062081 -1.982627222699574 -0.02551690164868274 0.01713492524703376 0.9995275294192901 136.3529666679395
0.9996896104217812 -0.0009048592178121182 0.024897068995027583 3.4291937249545144 0.001329996184951701 0.9998535057834216 -0.017064527029739127 -2.006032337503742 -0.024877980723829633 0.01709234338517172 0.9995443651347888 137.41786395103207
0.9997072121688534 -0.000926951113594703 0.024179137685452788 3.4594507302143853 0.0013417282954712255 0.9998521346469639 -0.017143762920956197 -2.035029283793213 -0.024159670998592078 0.017171185268985537 0.9995606338255313 138.45780415646072
0.999723527811387 -0.0009220747741810021 0.023495057319901362 3.4906824341261737 0.0013278440300406643 0.9998501419003841 -0.01726066545683162 -2.068313883859262 -0.023475620771057755 0.01728709113447354 0.9995749355148525 139.53215311356652
0.9997382060143575 -0.0011012898967770767 0.022854027998517146 3.5301065863370154 0.0014987643317585305 0.9998477975688117 -0.017382042523051467 -2.1024197226744543 -0.022831406892077393 0.017411744810861936 0.9995876940028671 140.58915929889693
0.9997569980959489 -0.0011860436869889296 0.022012225206668994 3.5620542991905517 0.0015696924900747903 0.9998470314337747 -0.01741981052002419 -2.126615761764611 -0.02198819737184394 0.017450129897496357 0.9996059284252454 141.62918086571364
0.9997802251897062 -0.001284539319189088 0.020924896137319852 3.591069596295092 0.0016488273217335513 0.9998472251608936 -0.017401370823103737 -2.1437419417741848 -0.020899346594649145 0.017432047980587888 0.9996296019101869 142.66238495997948
0.9997966878143935 -0.0013870476338547163 0.020116141136645938 3.616828637471587 0.0017368058161437367 0.9998474495323285 -0.017379907055378882 -2.1572740627804396 -0.020088965650950075 0.01741131133941431 0.9996465773944893 143.70032703370697
0.9998053382572616 -0.0014808615879652201 0.019674670041448055 3.641733562695923 0.0018246011430328914 0.9998458152195453 -0.017464724980104297 -2.173192969074086 -0.019645773666399836 0.017497223691749646 0.9996538854724315 144.7475384669737
0.9998114765789223 -0.0014691019867414234 0.01936112187935995 3.665607638037301 0.001811377630124028 0.9998421823679902 -0.017672839859368072 -2.1925367563909863 -0.019332103148803185 0.017704578418204005 0.999656349797708 145.77237277987396
0.9998090822876382 -0.0014769501899084207 0.01948377769547761 3.6873895852948584 0.0018234722360883995 0.9998402712337677 -0.01777939729542966 -2.2072447114696248 -0.01945440629149288 0.01781153102125267 0.9996520771941226 146.82676683675035
0.9998008521019599 -0.001453027014249181 0.019903387869665747 3.707070276206903 0.0018100306141879288 0.9998375960150957 -0.017930571210328424 -2.227473095666853 -0.019874101875813142 0.017963026116131382 0.9996411104828475 147.87621739120388
0.9997963347620902 -0.0014426501309985382 0.02012977289711933 3.7279946976246032 0.0018068890303667962 0.9998347643057591 -0.018088096574207096 -2.252427830737303 -0.02010035194522752 0.018120784923546553 0.9996337394293132 148.88796604741802
0.9997857252204576 -0.001587224114621849 0.020639388678283438 3.7501692473732513 0.0019626372022292457 0.9998327739985536 -0.01818164166318037 -2.282095312072839 -0.02060707889575131 0.01821825342797254 0.999621650196422 149.89302063696925
0.9997780904948607 -0.0017120647820445874 0.020996156806228163 3.774772251026718 0.002094110482898072 0.9998324004355903 -0.018187516061556136 -2.307289525627196 -0.020961499653771355 0.018227448350935694 0.9996141133751957 150.92773816919797
0.9997636496376029 -0.001799281938016424 0.021665812881293375 3.79463526144253 0.0021977725290065813 0.9998286054995214 -0.018382856709213285 -2.3413142905851254 -0.021629023538071144 0.018426128442737274 0.9995962500586929 151.96915834280384
0.9997701781082916 -0.001822404526955265 0.021360473006329293 3.811965710360042 0.002220408454724053 0.999824095568415 -0.018623847805800512 -2.366300039817874 -0.02132277541991616 0.018666996612727055 0.9995983605858165 153.0291743146085
0.9997767909590634 -0.001934965827082847 0.021038635099367816 3.8334736485030643 0.0023301569739392646 0.9998210036694736 -0.018775808633500285 -2.388718375970089 -0.020998538712804122 0.01882064102556135 0.9996023433562535 154.09083098775102
0.9997841558813453 -0.0020113874868169335 0.020678393772312103 3.8575998515340735 0.0023997669014119215 0.9998208679125846 -0.018774269768578825 -2.4041346108934647 -0.02063692727718467 0.0188198407778164 0.9996098893196552 155.16035225784108
0.9997831617187913 -0.0020328083138144025 0.020724315041408495 3.882884208106936 0.002420788852299585 0.9998219627631197 -0.018713165361156366 -2.418858226213776 -0.020682585063498387 0.018759276821367264 0.9996100840869054 156.2000988802827
0.99977568963455 -0.0021144987553145685 0.021073663914306897 3.906025277648865 0.002509681299840541 0.9998211722435182 -0.018743666486812076 -2.434382957658383 -0.021030261898811905 0.018792350268377403 0.9996022087089732 157.26899077779126
0.999777211136945 -0.002187246936215161 0.020993904879080462 3.930875267849211 0.002579229904133893 0.9998225155416264 -0.018662395053006136 -2.453556427593386 -0.020949359520841777 0.018712385386499053 0.9996054076328386 158.33103209445875
0.9997684221654164 -0.0022536142733141696 0.021401478069991535 3.950398955700199 0.002653559664007395 0.9998220338699776 -0.018677773133042083 -2.471856270172268 -0.021355576835636363 0.018730237873741746 0.9995964773483398 159.38728554037235
0.999751190362459 -0.002276719324767024 0.02218950017378293 3.9702324681817314 0.002694893406177707 0.9998189937864277 -0.01883393780979303 -2.4993205706247266 -0.02214260414620245 0.018889050082257795 0.9995763647008737 160.38913226401988
0.9997265950419041 -0.002295608873603461 0.023269407938743377 3.9936941247063085 0.002738762680419421 0.9998151518146207 -0.019030538113408605 -2.5258832151263033 -0.023221419958748515 0.01908906445599124 0.9995480845228477 161.41404813545842
0.9996971061932234 -0.002316651256070603 0.02450161210720844 4.0209457411581795 0.0027876617788494982 0.9998116422657498 -0.019207002152069833 -2.5550828576496087 -0.02445250111340556 0.019269486677662675 0.9995152635515268 162.44016129427266
0.9996705475879288 -0.002380517265305094 0.02555639690565458 4.049646541588449 0.0028757894059166845 0.999808435038682 -0.019360347641320667 -2.5828963591784566 -0.02550541355364751 0.019427464143566373 0.9994858916044825 163.4692095067655
0.9996345522814603 -0.0024235244573823206 0.026923751860544534 4.07464265553718 0.0029539527381138766 0.9998019887799576 -0.01967885654353333 -2.613967006464825 -0.026870728465463997 0.019751196440834774 0.9994437724008742 164.52377364509476
