1.0 0.0 0.0 0.0 0.0 1.0 0.0 0.0 0.0 0.0 1.0 0.0
0.9999716909548272 5.0499424179493104e-05 -0.007524276626479591 0.0009279006626456976 -5.1894849938346315e-05 0.9999999814925794 -0.0001852613439158404 0.0029386908281594515 0.0075242671316334475 0.00018564657055051244 0.9999716750685905 0.07690916955471039
0.9998813879938224 0.0001284380633775493 -0.015401085910118533 0.0032420757319777923 -0.00013459785169258375 0.9999999113722521 -0.0003989221807377775 0.007110944350502242 0.015401033308362642 0.0004009478168548463 0.9998813166640743 0.1584747351581683
0.999720107345566 0.0001329110680432706 -0.02365775356236837 0.0023460839558848397 -0.00014662716794669627 0.9999998221861802 -0.000578038131708084 0.013255297819430929 0.023657672528027387 0.0005813452124858672 0.9997199490698886 0.25095560359886065
0.9994324555187367 0.00014628608340870993 -0.0336859830815456 0.007806516758055986 -0.00017287628318333133 0.9999996758099253 -0.0007864437904194378 0.030198117941899777 0.0336858571151023 0.0007918209561368757 0.9994321568020484 0.34453460055597007
0.9989234790249696 0.00010587840466281403 -0.046388272681945425 0.0031887175721094924 -0.00015515345981977112 0.9999994276131409 -0.0010586315671467818 0.0348683272193375 0.046388134043686254 0.0010646892290615856 0.9989229236816975 0.4825325718314631
0.9981456836028235 -7.560834556581674e-06 -0.060870306783240596 0.004125387502782765 -7.339555977231735e-05 0.9999991158518124 -0.0013277457158518446 0.04146755941673905 0.06087026300373484 0.0013297512654395283 0.9981448005391944 0.6168094008891487
0.996962783900674 -4.122515730025634e-05 -0.07787943128647332 0.005986655886431754 -8.125110599348882e-05 0.9999987650802419 -0.001569470053872905 0.04066802552264978 0.07787939981327469 0.0015710310240840417 0.996961549382044 0.753854741322126
0.9952407034921055 7.242014707144855e-05 -0.09744709779085996 -0.0029913439454223876 -0.00022872194322705097 0.9999987053429656 -0.001592795864503767 0.026728148055973126 0.09744685627977856 0.001607503566276607 0.9952394315608042 0.9225734829324264
0.9930708401200339 0.0003599797016442017 -0.11751670910089627 -0.012613416712486128 -0.0005500021583048953 0.999998593337568 -0.0015845568818772774 0.014239294033895771 0.11751597338624287 0.00163821167754623 0.9930696411942032 1.0712688706929552
0.9901590033674369 0.0006006860454353026 -0.13994565812014045 -0.02682325007858645 -0.0008267336675146625 0.9999984459377242 -0.00155712349544829 0.004445704474280785 0.13994450529351776 0.0016574976355635143 0.9901579612060597 1.2816997602222673
0.9864536855880232 0.0008496613486557442 -0.16403781352297592 -0.046312047453803365 -0.0011058268237253183 0.9999983076609823 -0.0014703136427227704 -0.0031669870618170363 0.16403628664671105 0.0016317937261331862 0.9864529557522719 1.4893757255746924
0.981979354342227 0.0010503483521228586 -0.18898530211093845 -0.07241233682914654 -0.0013457637359892895 0.9999980650583902 -0.0014348517147891116 -0.015211327990127657 0.1889834293412795 0.0016633243266813294 0.9819788677902362 1.7054136279445626
0.9766356892650525 0.0010733668771848572 -0.2148989956638306 -0.11057800870403298 -0.001395697273447333 0.9999981172157206 -0.0013481817888308491 -0.027408198756907594 0.21489714396170323 0.001616616392903986 0.9766353485659535 1.928443606590933
0.9700030481774955 0.0010353081624189227 -0.24309054828062912 -0.16093001797465395 -0.0014138137748434584 0.9999980447689375 -0.0013826022252960784 -0.037736212146207204 0.24308864156306875 0.0016848131386475859 0.9700026153303454 2.1671455672052637
0.9621149014735919 0.0007739290660109822 -0.2726432053000074 -0.2157616928583645 -0.0011705585898700306 0.9999984801259393 -0.0012921061877847282 -0.05762519448934162 0.27264179091813656 0.0015622994634875433 0.9621143451094251 2.381768339615267
0.9527051361383128 0.0004314443101296174 -0.30389593191006464 -0.288715480614536 -0.0008653290029536466 0.9999987895833483 -0.0012930729121357165 -0.061789202684950306 0.30389500618041754 0.0014948871685544274 0.9527043563094258 2.603091391090621
0.9415120505811667 2.2360124353614102e-05 -0.33697931406908593 -0.3702293186296152 -0.0004964657988929179 0.9999990045583163 -0.0013207589062052302 -0.0674927841899453 0.33697894909349646 0.0014108091304743213 0.9415111244618622 2.831445360585358
0.929365925311652 -0.0004386191103633955 -0.3691595650702999 -0.4750603086618327 -0.00010472269918111436 0.9999989406603071 -0.001451795929601043 -0.07691352211408424 0.36915981079035826 0.0013879090535600515 0.9293648948640604 3.079707194241394
0.9158614178697441 -0.0008227683885155966 -0.4014936939851 -0.5739801769026903 0.0002531650909970947 0.9999988849107826 -0.0014717624229526414 -0.08101824773648432 0.4014944572034075 0.0012462862318803186 0.9158606048987857 3.3113442368933916
0.9001880022734822 -0.0013567058666146567 -0.43549939140263894 -0.6832661208458851 0.000783506000791369 0.9999985744137672 -0.0014957569258450115 -0.09434829436268741 0.435500799862898 0.0010052460524581895 0.9001877819650466 3.5590729146749327
0.882462672745193 -0.001911456188598005 -0.470378547073152 -0.8114514594099373 0.001227259704603683 0.9999976959632125 -0.0017612217024148222 -0.10492662705478616 0.47038082980179763 0.0009769357740769173 0.8824629853718884 3.8405329230683614
0.8622745857588088 -0.0025624930207148776 -0.5064345687095162 -0.9507555524677773 0.0018595779671262212 0.999996477996034 -0.001893664519699098 -0.1187763131093857 0.5064376375470715 0.0006911042235264075 0.8622763139798596 4.12248837323325
0.8380143826888562 -0.002778364129351362 -0.5456410680102626 -1.095181566714494 0.0018536332804087252 0.9999957619311971 -0.0022450308033205905 -0.11279428502803912 0.5456449930589274 0.0008699496599405889 0.8380159811944594 4.398821136895544
0.8094346524410894 -0.0028134856952214482 -0.5872032252345144 -1.2668544681220095 0.00159119954050606 0.9999953594654444 -0.0025979090824997885 -0.10922089521230502 0.5872078094776969 0.0011684801330899305 0.8094353730487591 4.676309452361114
0.7781552142844324 -0.0027782574744609906 -0.6280658753406008 -1.473194943173075 0.0015373942733224438 0.9999956462571037 -0.002518707146105475 -0.10435281958207297 0.6280701385202114 0.0009943602189795505 0.7781560976738264 4.974949145417513
0.7433061786570028 -0.002355163325312708 -0.6689472161359484 -1.6899231450637662 0.0011228739168370415 0.9999967863087319 -0.0022729994230189336 -0.09130490613373765 0.6689504196309999 0.0009383911344739686 0.7433064344518944 5.277730948773788
0.7045413347070542 -0.0019471809726524488 -0.7096602822304927 -1.9135896524172877 0.0005261172664586518 0.9999973940838839 -0.0022214918557706856 -0.07476929683443925 0.7096627585619979 0.0011917683093041476 0.7045405231769659 5.567961700978449
0.6624090903484909 -0.0013666949896476036 -0.7491410609281074 -2.157474668480265 2.7892464500944663e-06 0.9999983403714077 -0.0018218799775129887 -0.061217757950474655 0.749142307586419 0.0012047403195836945 0.6624079948074737 5.847309207410902
0.6162472492899774 -0.0010405781869059507 -0.7875520585584002 -2.4184382417855295 -0.000570725891475946 0.9999982744635588 -0.0017678636439850636 -0.023787530794419108 0.787552539208968 0.0015389174584300102 0.6162455920479785 6.091403978921829
0.5675215884030934 -0.0007487714486290169 -0.8233581760313966 -2.6885695999022676 -0.0012671441694754703 0.9999976079422638 -0.0017828223148232199 0.011833828550979593 0.8233575414375479 0.002055103664097094 0.567519282057312 6.292223114318324
0.5169722198835343 -4.775048531687024e-05 -0.8560021738223463 -2.9718989443298787 -0.001727249775910282 0.9999979044731172 -0.0010989347515317765 0.04322837726242323 0.8560004325214455 0.002046648300919903 0.5169710540773349 6.497834022464273
0.4632437927579972 0.00045334897930853326 -0.8862307729626009 -3.313739997512629 -0.002213093171830082 0.9999973429221716 -0.0006452652259057973 0.07884826658146508 0.8862281256481302 0.002260226382892673 0.4632435651867171 6.6738575931001485
0.4085847754442999 0.0014338109771981173 -0.9127192478857961 -3.662387491444728 -0.002957812888764922 0.9999955951990019 0.00024683093635383796 0.09786246597784856 0.9127155814480465 0.002598801392517591 0.40858721665426195 6.841557834841975
0.3527322163255992 0.002349936966731598 -0.9357213588255232 -4.049841143214594 -0.0030208092446114697 0.9999944953015278 0.001372617263648455 0.11928852901515317 0.9357194335256365 0.0023424694015470445 0.35273737335242067 7.004829766978199
0.29683376835819625 0.0031480767213460485 -0.9549239779035972 -4.415452871836194 -0.0034908509935156567 0.9999914615006474 0.002211534567337038 0.13154397185176459 0.9549227863663184 0.0026770391775196244 0.29684222331000815 7.152436191753451
0.24166997161536388 0.003926982460427594 -0.9703505570814012 -4.778980369033251 -0.003800681096280066 0.9999879712593683 0.003100348332014907 0.1375610190206685 0.9703510599997474 0.0029387319256683232 0.24168198983796016 7.282159483124379
0.18938040068154133 0.004482401075896489 -0.981893564455076 -5.154659693860542 -0.0034892719675699317 0.9999863385241728 0.003892010554624755 0.1353841301404609 0.9818975958921761 0.0026890231712987864 0.18939345378219746 7.387550330342593
0.1427173170145996 0.005072757086002751 -0.9897504910631272 -5.52969827595847 -0.0028382554148643734 0.9999848519546615 0.004715948199048797 0.11224204763953433 0.9897594211374572 0.00213611721647651 0.1427295529064793 7.470222650279281
0.1022152349099065 0.005482176730849925 -0.9947471997902809 -5.907196948285516 -0.0018491268960168059 0.9999841335528922 0.005321031121519243 0.0869524024459028 0.9947605875194468 0.0012955233558205942 0.10222375035773076 7.520755489152773
0.06850485350665515 0.005632862942260595 -0.9976348810567451 -6.310555736237094 -0.0015930163328487879 0.9999834032937415 0.005536735141941422 0.08314834529059313 0.9976495112738718 0.0012099554299392014 0.06851268979439283 7.556913768569704
0.038648109735613195 0.005714349527850172 -0.9992365434787391 -6.755897818777791 -0.0013575111434247554 0.9999830260187241 0.005666113123964577 0.08251276150595015 0.9992519606072133 0.001137490180900238 0.0386552110164846 7.593512898957761
0.013007758867296063 0.005735726550118125 -0.9998989447190116 -7.2307286378526605 -0.0012589213438070255 0.9999828491812539 0.005719830451512035 0.08222058753175117 0.9999146030168278 0.0011843919478817949 0.013014756602158575 7.61614806610072
-0.008428933718659 0.0057642268488294285 -0.9999478620234169 -7.71857832490121 -0.001236793334112878 0.9999825605597341 0.005774852262088547 0.08742096515996514 0.9999637110508636 0.0012854046971631737 -0.008421657565428975 7.636972276221151
-0.02493088826898132 0.005779552208651918 -0.9996724701552943 -8.31454909507862 -0.0010043273341270957 0.9999826384162067 0.005806392405827546 0.09493116443989638 0.9996886726059896 0.0011487569072668594 -0.02492465086701242 7.6508064676223615
-0.038941688689997526 0.00593818024587227 -0.9992238402366806 -8.887281982566126 -0.0007320989414917811 0.9999819041381395 0.005971216576497427 0.10657621989381497 0.9992412165804166 0.0009640599727731382 -0.038936636671104946 7.660191678362028
-0.05040762683645628 0.006109508326651612 -0.9987100405346506 -9.468310930818761 -0.0003923985078109454 0.9999810909005432 0.006137089275304316 0.11034578392542989 0.998728650425193 0.0007012484356931601 -0.05040427631167516 7.658094100547741
-0.06005159452537088 0.006429350967339351 -0.9981745686206894 -9.9970786113041 -2.5914866096591983e-05 0.9999792463256024 0.006442534167745877 0.11635524407731454 0.9981952741439822 0.0004127520098441484 -0.06005018161836055 7.657683514524754
-0.06697216176190594 0.0065400753801296 -0.9977334097658349 -10.497266532018484 0.0001044827720745542 0.9999785576079214 0.006547778839729967 0.11297013191580571 0.9977548389420555 0.0003342729511918453 -0.0669714090437593 7.6521179301976465
-0.07174209500474821 0.006634126361460844 -0.9974011530832266 -11.028098950601498 0.00019716500974582116 0.9999779548790019 0.006637083845369593 0.10915207953635261 0.9974231965070235 0.0002795056917208339 -0.0717418214591708 7.637837605986355
-0.07291107439457453 0.006619207920824411 -0.9973164800188203 -11.548206028972764 0.000225450502865593 0.9999780595581391 0.006620390805099832 0.10849713575333209 0.9973384201978279 0.00025785430457540143 -0.07291096699713899 7.615791312150572
-0.07179790835156237 0.006719828120585174 -0.9973965631915777 -12.083559538272832 0.00017180754541917462 0.9999773731923145 0.006724848367698019 0.11085005445279619 0.9974191851165225 0.00031146979145066687 -0.07179743831127182 7.589787585207577
-0.07014844231871778 0.006776878034449148 -0.99751354374984 -12.62724828335519 0.0001539484118379077 0.9999769847790613 0.006782787927251262 0.1135521528913853 0.9975365518817563 0.0003222363818277857 -0.07014787112642884 7.561630366615173
-0.06864062346208923 0.006903322109116924 -0.9976175664825644 -13.166460112517562 0.00010516880982879428 0.9999761035014589 0.006912406640481225 0.11558930839506505 0.9976414454854294 0.00036955364929484375 -0.0686397092056998 7.533747876573472
-0.06714190180741865 0.006921210288529923 -0.9977194304361447 -13.726233468190308 6.040101578379887e-05 0.999975966034419 0.006932799236259775 0.116137847694466 0.997743434643095 0.00040521805850592054 -0.06714070616939236 7.503556082144597
-0.06621660928807209 0.0070565742794127684 -0.9977803192155226 -14.295391149801414 -3.2704363293694516e-05 0.999974976533231 0.007074265883553022 0.11698237213932132 0.9978052713755401 0.0005010656700580872 -0.06621472153818007 7.476739337405445
-0.06483684085167485 0.007150147392225656 -0.9978702618380028 -14.86824229198239 -8.412201339877805e-05 0.9999742867376711 0.007170689435142779 0.11887861693344265 0.9978958748245537 0.0005488677052397128 -0.06483457220018164 7.446351682105674
-0.06345509198600147 0.007188193288823505 -0.9979588073554393 -15.455689402866886 -0.00013426133699662572 0.999973989618368 0.007211245427787422 0.12154136400453017 0.9979846858919936 0.0005915775256969782 -0.06345247639839979 7.415428301069738
-0.061419951465887024 0.007276850399537236 -0.9980854858228282 -16.047319341311304 -0.00026088729575718026 0.9999732719108312 0.007306668308338564 0.12400049582774951 0.9981119784371625 0.0007091630362062938 -0.06141641139012406 7.38544594486588
-0.05983665139589488 0.007365429057335954 -0.9981810084371107 -16.637473755313614 -0.0003487415886589837 0.999972562111899 0.007399554221082789 0.12337475008142938 0.9982081213499668 0.0007908717770635328 -0.05983244097311786 7.364178868733672
-0.05821795035829041 0.007514978095458182 -0.9982756109213047 -17.214311688895513 -0.0004236138984667324 0.9999713901280647 0.007552448385322348 0.12828765728797337 0.9983038068681016 0.0008625714884668748 -0.05821310130101735 7.341311063245552
-0.0569312239721317 0.007662866329144477 -0.9983486947037374 -17.815457555940533 -0.0005172757105601194 0.9999701837199718 0.007704809983842443 0.13174779165067582 0.9983779685884868 0.0009550657932924887 -0.056925562680189015 7.32046034775617
-0.05546191830933403 0.007706515827116122 -0.99843106183214 -18.428346853495203 -0.0005603743009614009 0.9999698149956572 0.007749521159134185 0.13496890404813452 0.998460645993667 0.0009892984177966848 -0.05545592565766848 7.302954330018832
-0.054401235538195994 0.0077921864770504395 -0.9984887517652986 -19.064291235437693 -0.0006199841039732513 0.9999690939881585 0.007837517988137104 0.1386241260531852 0.9985189638617925 0.0010454178161980676 -0.05439472318121423 7.279632974723509
-0.05317065280572391 0.007860447658259573 -0.9985545027903205 -19.700596688594036 -0.0006676224417662622 0.9999685153092613 0.007907127826762608 0.14220309360791641 0.9985852171750229 0.0010870845437568367 -0.05316373093290391 7.257041722385805
-0.05275794073549497 0.007885057995089371 -0.9985761991704806 -20.411237489724574 -0.0006880231497457484 0.9999683013177094 0.007932400892671134 0.14394240919429796 0.9986070930618781 0.001105540678000137 -0.05275084327585451 7.229126045639275
-0.051857985841280284 0.007963771696812654 -0.9986227153659413 -21.13845957322757 -0.0007328925002313155 0.9999676303850806 0.008012555811488386 0.14820315150958763 0.9986542004983846 0.001147398104476957 -0.05185047062969688 7.197553099772282
-0.05190563196043119 0.00803127998818252 -0.9986196993413152 -21.860303222594666 -0.0007559808805385702 0.9999670591111496 0.008081409871404046 0.15057664006634858 0.9986517079861705 0.0011744080861376977 -0.05189785064865966 7.168684763564026
-0.05249412295450404 0.008155876137800793 -0.9985879273953102 -22.539082613872647 -0.0007711819956766521 0.9999660191273677 0.00820767134436756 0.15157005491158507 0.9986209352570002 0.0012009475394287115 -0.052486049493560456 7.146711963766391
-0.05249973672022809 0.008345019619554795 -0.9985860695462634 -23.235647773456744 -0.0007934458156791231 0.9999644192626568 0.008398252939617998 0.15502470732686194 0.9986206227031581 0.001233230006716765 -0.052491247419985274 7.128285000861304
-0.05283825204082399 0.008535345506272624 -0.9985666061902719 -23.93028562755078 -0.0007981092563779697 0.9999627909709708 0.00858951076395615 0.1588495209704646 0.9986027649385335 0.0012508199861636703 -0.05282947384251392 7.1067512613990695
-0.053255273837674 0.008711385683932336 -0.9985429322607711 -24.61680735195941 -0.0008239744405934484 0.9999612234644513 0.008767704009704363 0.1635408258411621 0.998580591076451 0.0012897003319825822 -0.053246030823508074 7.087476976328523
-0.05391652607377065 0.008785450566763133 -0.998506797209951 -25.31953795296694 -0.0008489664575378965 0.9999605299457749 0.008844083136311015 0.16439748623882666 0.9985450853477219 0.0013245410174723446 -0.05390693943271626 7.062897285341921
-0.05445061708668104 0.008861686399575072 -0.9984771408565316 -26.065084661144045 -0.0008936293475712195 0.9999597847820856 0.008923578046768407 0.1663122003588633 0.9985160648309409 0.0013781628072160918 -0.054440508280212616 7.033440446317734
-0.05497755582216023 0.008991403781418121 -0.9984471057666799 -26.798227636706816 -0.0010079516418765048 0.9999584446883796 0.00906051487979712 0.17164757731207425 0.9984870817338138 0.0015045113621659219 -0.0549662083124906 7.004603538756606
-0.055217505650420856 0.009191514514238023 -0.9984320423196962 -27.484547133890505 -0.0010794398104650152 0.9999564940656668 0.009265246116452968 0.17603862741150986 0.9984737662449827 0.001589351074311545 -0.05520518167455978 6.977720592306592
-0.05533724942387289 0.00946795031224645 -0.9984228296383673 -28.175046419104238 -0.0012316569114519393 0.9999536322048996 0.009550730939750094 0.18226233774238765 0.9984669608191609 0.0017582255588687401 -0.055323022291189766 6.950398801580176
-0.05517003594580704 0.009723515424186492 -0.9984296271553311 -28.86172373952135 -0.0013896946817193072 0.99995086487139 0.009815120562347986 0.18667459828122696 0.9984760066633696 0.0019290128971659135 -0.05515381244132176 6.918710384931193
-0.05488298179665146 0.009932536717832816 -0.9984433899943737 -29.54088344361291 -0.0015553040779057916 0.9999484586220132 0.01003300197786464 0.19063420803410325 0.9984915820067454 0.002103524140933235 -0.05486470493727937 6.890551286524438
-0.05450230056975419 0.010079434790190689 -0.9984627705763064 -30.247344831251368 -0.0016008066593876712 0.9999468827848479 0.010181798805097652 0.19629236519014662 0.9985123617916019 0.002153277311105402 -0.054483270332992474 6.862187796491402
-0.053934235555423295 0.010258460846115734 -0.9984917937650365 -30.88344155129291 -0.001687793720478672 0.9999448621354954 0.010364556970025652 0.20463716311457775 0.9985430634616659 0.0022442526365150715 -0.05391394757105217 6.839767750296794
-0.05338893597124202 0.010419976857004668 -0.9985194267505052 -31.549543006665402 -0.0017677914803335708 0.9999430021957514 0.010529352925633706 0.2110856098799974 0.9985722289494837 0.0023273250847223614 -0.05336747257280634 6.815491614659894
-0.05281183871977373 0.01062739089095626 -0.9985479298731167 -32.221902032922124 -0.0018637299916678478 0.999940579282472 0.010740782781317319 0.21660252203153915 0.9986027419357278 0.0024282642129934127 -0.05278889401528531 6.792832360562748
-0.05193180897768864 0.010697911868106194 -0.9985933315909766 -32.89497081230947 -0.001986040667182048 0.9999395372000851 0.010815617714714777 0.22376392356995697 0.9986486583672819 0.0025449215596527494 -0.05190742254708817 6.766261711360674
-0.05163832880421317 0.010747604550202721 -0.9986080171892971 -33.57401513172752 -0.0020794679400352517 0.9999387634865633 0.010869456750556072 0.22850737885809586 0.9986636865388635 0.002637853938015693 -0.051612817353902135 6.7401663225652895
-0.05091623766381447 0.010774249377914484 -0.9986448078734017 -34.265061227254215 -0.0022114446870507695 0.9999381374416307 0.010900954185834753 0.23453671928464592 0.9987004787495384 0.002763483328710775 -0.050889261198545255 6.711838864487612
-0.05046278178252019 0.010767871898898598 -0.9986678930402927 -34.97263798336467 -0.002254491283748916 0.9999381008977519 0.010895487233350282 0.24118613044395032 0.9987233976050729 0.0028013046548900134 -0.05043538210828927 6.681705175993635
-0.05006921916768636 0.010748276634325073 -0.9986879131346934 -35.67384538999686 -0.0023266152506567863 0.9999381219760856 0.010878376736342066 0.2463453812225252 0.9987430401026145 0.0028682343583463386 -0.05004111387900857 6.655272864534033
-0.04989158801467886 0.010765213695447385 -0.9986966204105547 -36.344413366261406 -0.0023820862590734735 0.9999377821230535 0.010897593674128412 0.25059023322538293 0.9987517985517856 0.002922679750404074 -0.04986284019837413 6.632353673914807
-0.05050086651661623 0.010762580875861091 -0.998666024922226 -37.009326491029704 -0.002454525174803572 0.9999375762841133 0.010900405553130207 0.25493122338467544 0.9987210009743641 0.0030017308252082158 -0.05047129703916604 6.6084678397735255
-0.05141885266848627 0.01084973183843507 -0.9986182378212853 -37.66532051538141 -0.002527180059201573 0.9999363686866242 0.010994177493525853 0.2568098545729927 0.9986739783088391 0.0030889960901277487 -0.05138816159340785 6.589234234805681
-0.05275800457925216 0.01089612708092512 -0.9985478793565437 -38.331555126366574 -0.002575342228478553 0.9999356598978525 0.011047338007655077 0.25580600726180874 0.9986040058828226 0.0031544380300610165 -0.05272654886764899 6.570313034180931
-0.05346673398595779 0.011052447868609903 -0.9985084635359808 -38.992719298220166 -0.002658005977534316 0.9999336270823423 0.011210550128229474 0.2563560281173374 0.9985660936368193 0.0032534329662395212 -0.0534338077703233 6.550587190269002
-0.055677153275682977 0.011286363934038257 -0.9983850322356917 -39.672665501392856 -0.0026860370142052447 0.9999307973762223 0.011453631027478824 0.25411502103694783 0.9984452112200615 0.0033194047212936097 -0.055642984679308144 6.534945815621293
-0.057822488035485654 0.011533373818963464 -0.9982602572304163 -40.32601489726722 -0.00267838105788761 0.9999278744666521 0.011707781152507582 0.2516709279818918 0.9983232873935646 0.003350694399420902 -0.05778742678772528 6.520041168201197
-0.059895239759943264 0.011732128665944218 -0.9981357209373201 -40.991642423304285 -0.0026702800976255462 0.9999254674603362 0.01191340121171687 0.254216885227691 0.9982010969029729 0.003378857972280219 -0.05985944754592966 6.49833386284214
-0.0616315602406016 0.011784272950345513 -0.998029399212939 -41.65492332883081 -0.002714177785289662 0.9999246223251808 0.011974260177459027 0.25583139766599927 0.9980952780277332 0.0034468215618734363 -0.06159492998503649 6.4720342991300415
-0.0625632214431189 0.011890095377160948 -0.9979701743812689 -42.3143398625165 -0.002753362699631756 0.9999231711674565 0.012085973534011205 0.2584632905388933 0.9980372048759018 0.003503911292050389 -0.06252567703874765 6.44349937587948
-0.0640464053269545 0.011882749772128767 -0.9978761737923936 -42.98646059515036 -0.0026969403350539383 0.9999233944027383 0.012080225119529463 0.26002714407064664 0.9979432771843917 0.0034649074969362284 -0.06400945194666904 6.41203423919425
-0.06603699414050729 0.012044450143815359 -0.9977444796267321 -43.65419402096925 -0.0026415283403270914 0.9999215311696823 0.012245563739930462 0.2638048311182915 0.9978136788664067 0.003444230540279903 -0.06599999653841972 6.381754842902095
-0.06756779547378841 0.012241792973344554 -0.9976395799684417 -44.29125422675161 -0.0026443206836526444 0.9999190134843048 0.012448857003747564 0.2655182819109626 0.9977111809451336 0.003479220800052727 -0.06752995216709426 6.355233917395465
-0.06896063641450663 0.012427552933071155 -0.9975419723266788 -44.93657141603144 -0.0026961170118107217 0.9999164327052685 0.01264351845933603 0.26678694899104743 0.9976157384375828 0.00356139496105954 -0.06892136742379938 6.326448780162862
-0.0706722296429139 0.012608176310132033 -0.9974199064824355 -45.59888487210004 -0.0026919071056194783 0.999914063035157 0.01283043961294632 0.26862922517104215 0.9974959596877738 0.0035917175082920507 -0.07063221624660046 6.292414311359081
-0.07189351873165793 0.01275957491718948 -0.9973306950115954 -46.22759325092607 -0.0027435473912686584 0.9999118577486592 0.012990368791511882 0.2680505776301648 0.9974085396226018 0.003670147348574909 -0.07185217537658127 6.258801948375362
-0.07254264980010852 0.012952613155741985 -0.9972812009520761 -46.88333063111131 -0.0028224948461802106 0.9999089974996787 0.01319205222979069 0.2734912184507246 0.9973613174185274 0.003771807474930076 -0.07249948955371903 6.223519051963336
-0.07354044164220021 0.013152165868427079 -0.9972055073935553 -47.55687029256032 -0.002885622210991336 0.9999060443000491 0.013400587923159157 0.27659779602643536 0.9972880610072117 0.0038630435151919703 -0.07349557991657733 6.190517737309131
-0.07420316713614084 0.013319632864265423 -0.9971541893645764 -48.24462317561975 -0.0029560513156991416 0.9999034678376241 0.01357633112866078 0.28208749038969 0.9972387636607309 0.003955045721261657 -0.0741566306257079 6.1564027059838455
-0.07509457079802657 0.013493134352495136 -0.9970851221244875 -48.97245787102144 -0.0029771184403485198 0.9999009571538163 0.013755458868280453 0.2926924807218103 0.9971719722306934 0.004001400783517378 -0.07504696255890177 6.110387952020846
-0.07607355445553372 0.013687847737277575 -0.9970082532942345 -49.622902687788375 -0.003082403788946209 0.9998977655228226 0.013962710673473724 0.2989166613003545 0.9970974441344143 0.004135375048330137 -0.0760235856417379 6.074319162950227
-0.07669663593811853 0.013802674153893383 -0.9969589320638917 -50.29730199727598 -0.0031807763170535823 0.9998956995684163 0.014088032034715396 0.30513627388938164 0.9970494013326497 0.004251608024234957 -0.07664473322682731 6.032530152786824
-0.07731761318100099 0.013968761790385873 -0.9969086519767169 -50.95133180230279 -0.003269845926596664 0.9998929149308272 0.014264178166054738 0.3104553805784585 0.9970011508516969 0.004362609904642921 -0.07726365792020419 5.993125776850786
-0.07714003142905228 0.014104234949448563 -0.996920501397987 -51.57213750781588 -0.003361447109582731 0.9998905727732695 0.01440635805731077 0.3177557631206541 0.9970146018110533 0.004462402451227146 -0.07708417956953825 5.955868769668725
-0.07614555699457089 0.01417780987500037 -0.9969959096491486 -52.17520198251113 -0.0034685720689017225 0.9998890871867202 0.01448386456416355 0.32770645156645356 0.9970906795060257 0.004561034099690445 -0.07608793472129412 5.917191601777617
-0.07426951001165946 0.01427305238940766 -0.9971360588496013 -52.758605994687926 -0.003639545073460144 0.9998870310413784 0.014583513531333879 0.33971804460929633 0.9972315646800821 0.004712232034776086 -0.07420917244494789 5.88164735131412
-0.07071118664448904 0.014372450206720306 -0.9973932828921508 -53.32907659527078 -0.0038397081712918312 0.9998848620684171 0.0146805738166131 0.35651422510562725 0.9974894409087677 0.004867779933507286 -0.07064785909021766 5.843342448698051
-0.06532281415736688 0.014379668875921429 -0.9977605700134573 -53.869959200931994 -0.004004261552901026 0.9998843361078199 0.014672433187564376 0.3769769105684167 0.9978561498733053 0.004953738915853131 -0.06525767871120886 5.804606761912111
-0.057731550524167605 0.014379057468649143 -0.9982285864371883 -54.38630551282274 -0.004198121255880721 0.9998839329450587 0.014645696168015202 0.3953726891218788 0.9983233162918688 0.005036203395235086 -0.057664484766321286 5.772029558233608
-0.04875611890373118 0.014319618527640632 -0.9987080601430361 -54.901595922646166 -0.004401137381957025 0.9998844374887623 0.014551345557367958 0.4106223701866224 0.9988010166490564 0.005104918511361596 -0.048687461915794 5.7403880653258765
-0.03640883320411763 0.014235419028352304 -0.9992355826879866 -55.40862585050576 -0.004702186514861252 0.9998850275358808 0.014416003314166441 0.42144669528641604 0.9993259159586989 0.005223461942220451 -0.03633770959545883 5.717632350495368
-0.020260558781995362 0.014105683641382528 -0.9996952232789995 -55.90638038403934 -0.004853233650651207 0.999887300794825 0.014206753055321705 0.429744639324488 0.9997829543860867 0.005139591253391533 -0.020189817254609367 5.697734181250012
-0.0013497942640584813 0.013922373953202897 -0.9999021679939243 -56.42565966817923 -0.005061572426540218 0.9998901751378079 0.013929039717728827 0.429678608576227 0.9999862791758765 0.005079878580670648 -0.0012791769189748926 5.685526019901942
0.021415489405548736 0.01381288804893146 -0.9996752377333684 -56.93994475676771 -0.005291450726575223 0.9998921148058679 0.013702528900192006 0.4327445404333613 0.9997566590739606 0.004996285900552187 0.02148626920782041 5.686848176586268
0.047307991446015815 0.013704502553548022 -0.9987863337847098 -57.424971943102314 -0.005446422012905363 0.9998945535129816 0.013461736230361407 0.4210650674250959 0.9988655016730729 0.004802964172079611 0.047377643488894464 5.709488416715343
0.07730595510399899 0.013493625151533942 -0.9969161004747222 -57.87805419889884 -0.005700627085255533 0.9998980468967517 0.013091931213512563 0.41097687721056975 0.9969911193969039 0.0046709626774770665 0.0773749956469946 5.744598386810184
0.11184109237906889 0.013438254861366032 -0.9936352365741342 -58.34746480661631 -0.006218000962240281 0.999898447410733 0.012823078009681596 0.408025554020355 0.9937066501334728 0.004744277804868994 0.11191329370821104 5.8033194922208375
0.14954926369949606 0.013390561897403418 -0.9886635982876119 -58.78241304801232 -0.006884303947188377 0.9998981557902371 0.01250137618218201 0.4107401258150412 0.9887303090762917 0.004936689108857118 0.14962621767104017 5.869367327929707
0.18908007564319101 0.013417661119386224 -0.9818699971813214 -59.22146077871743 -0.00750570953621036 0.999897179476619 0.012218625088886773 0.41647606726377107 0.9819329861651053 0.0050593324451001665 0.18916134339787072 5.957872388604185
0.23159212232877938 0.013471160816958304 -0.9727197009938131 -59.6631096217704 -0.008131753860547184 0.9998959904685532 0.01191145768012772 0.4177865741022408 0.9727789900354555 0.00515131741961651 0.2316775787046293 6.050217835259022
0.276215013771366 0.013626296373223127 -0.9609992665004646 -60.0888630848255 -0.00878959141555229 0.9998934878104044 0.011651442704471033 0.4144788050304305 0.961055674375855 0.0052284874961127685 0.27630536308307857 6.175536248810929
0.32041502982349057 0.013613742913833164 -0.9471794310831954 -60.50878470884484 -0.009080778906360656 0.9998949243745152 0.011299542669480895 0.4170776606325562 0.9472337346809726 0.004980583696885426 0.32050498540330635 6.32473596127178
0.36576203488195314 0.013525259733134237 -0.9306101230849373 -60.9159591479427 -0.009350616910955591 0.9998973388957499 0.010857146613437217 0.4100428760470987 0.9306614313499809 0.00473064671608196 0.3658509548699457 6.495644516867244
0.4107598789564388 0.01351239615907233 -0.911643426450128 -61.32785335164208 -0.009603174382834385 0.9998988264804349 0.010493609713784127 0.40260481555098715 0.9116929860876755 0.004444316943315139 0.4108480828304346 6.687656144071208
0.4556974357183743 0.013722609505937634 -0.8900289529380735 -61.750439658983616 -0.009861451272320448 0.9998976282206363 0.010367490417324507 0.38836146071168626 0.8900801081130278 0.004052538352343591 0.45578611000600056 6.902198205721572
0.4988483169326722 0.013895697550039832 -0.8665779054897695 -62.15439287668958 -0.010064092818695636 0.9998969222944775 0.010240059656660564 0.38246623007904906 0.8666308733994965 0.0036130839504646016 0.49893674438268343 7.132113186550939
0.5388095296404263 0.013593582016559623 -0.8423179359936601 -62.539864906812014 -0.010158729237106935 0.9999019455617733 0.009638437740191423 0.3685983403435425 0.8423663638755686 0.0033635977380572744 0.538894790493755 7.368797143388992
0.5783347767302645 0.013529258065595896 -0.8156873452497271 -62.902419345632836 -0.010369056504780727 0.9999036133726065 0.009232910245945053 0.36017581690069633 0.8157336383229226 0.0031181950874697886 0.5784193186329809 7.632921139124829
0.6178206447944155 0.013872134797810548 -0.7861966768830569 -63.256468427130514 -0.010909296431258934 0.9998993567312883 0.009069931627893804 0.3698043644705262 0.786243370793792 0.00297326159480134 0.6179098005358893 7.918723131236746
0.6586988139346849 0.014636981184735087 -0.7522643360567048 -63.60055874619094 -0.011876730520539815 0.9998884640070704 0.009055540719785211 0.3687359940238261 0.7523129772861683 0.0029695668678985107 0.658799184789596 8.236329375706099
0.699502048911196 0.015291894339211824 -0.7144669632226216 -63.93115871217396 -0.012912111670793387 0.9998782716267824 0.008758955465307345 0.3655013608000985 0.7145139333429661 0.003098369919918699 0.699614350312085 8.584120954240207
0.7375664764914681 0.01630735971740592 -0.6750775975952731 -64.23014228543254 -0.0140420377242411 0.9998625833226816 0.008811109342655155 0.3602984588807779 0.6751285166044377 0.002980686220379642 0.7376941111173012 8.95443139081678
0.77198451089477 0.01667492089818421 -0.6354225853332567 -64.52709081913999 -0.014618036107857186 0.9998572010059321 0.008478833465546258 0.358419098351004 0.6354732315046081 0.0027431021902915576 0.7721180268789628 9.311325650375654
0.8047479205889788 0.01723231405037768 -0.5933665238789442 -64.79958062729098 -0.015305276721380365 0.9998485872114208 0.008279562537448014 0.35017209945005456 0.5934193566207575 0.0024186781097730752 0.8048898167973091 9.705990803786646
0.8345159538840528 0.017439012211226422 -0.5507077297133973 -65.07835762361644 -0.015813149201237813 0.999845321625339 0.007699164647256085 0.3527163980837493 0.55075681296315 0.0022833477665175914 0.8346626380146946 10.090793927497451
0.86143258658278 0.01753981458553539 -0.507568964454688 -65.33703709347334 -0.016270233529643952 0.9998435616715798 0.006937700251820853 0.32272472173052624 0.5076112471903961 0.002281904511215264 0.8615832023882607 10.486629497015604
0.8852555431106578 0.017862970756300268 -0.4647618074536803 -65.58034877634597 -0.016839894987768396 0.9998380177984337 0.00635264525246411 0.32410086276913835 0.46480000142927325 0.002202825608685935 0.8854129580205405 10.905760033616788
0.9055075775434188 0.01802559018281263 -0.4239470546070684 -65.79468964139576 -0.017230029817682447 0.999835247950849 0.005709906089395816 0.3449535110392881 0.4239801328882385 0.0021342571609891977 0.9056689747708268 11.327574301612039
0.9220198305555601 0.018075622497710015 -0.3867204467488296 -66.00164357819807 -0.017516793386710174 0.9998342194250291 0.004969468401489186 0.3376987536155597 0.3867461622456527 0.002192153750623215 0.9221836045225434 11.772927782594596
0.9347341011505488 0.0179278142303452 -0.35489541223182314 -66.19221232889961 -0.017552066414449518 0.9998367969463979 0.004278368445296588 0.3290107242085786 0.3549141940115323 0.0022300109625712056 0.9348962198769708 12.255582659370422
0.9438077629505108 0.01770668176901992 -0.3300202721274572 -66.37422285982188 -0.01755604301855514 0.9998399729832431 0.0034371177462582665 0.32836445026053995 0.33002831991797354 0.0025498716833713807 0.9439675874766656 12.749593685221912
0.9512318400594552 0.01750996000197951 -0.30797952490032554 -66.55270717295829 -0.01753196663397418 0.9998426691234084 0.0026957644791346064 0.3228426377404054 0.3079782729399037 0.0028351897486455805 0.9513891659547327 13.267402863744481
0.9570635532542386 0.017368664162217766 -0.289357364754363 -66.73494622399409 -0.017557029585281124 0.9998439719335415 0.0019448651121436783 0.320239967857351 0.2893459965931971 0.0032188962988828843 0.9572191666290981 13.828496482022855
0.9617968739664144 0.017277970853962696 -0.27321831005919195 -66.89719716302498 -0.0176022484053929 0.9998442687818638 0.0012645296113302695 0.31838875843769043 0.27319760994471654 0.0035930359353481193 0.9619512233025437 14.36922221825938
0.9658219947170482 0.01721615841023216 -0.2586338694184777 -67.05306587256642 -0.01764845688815201 0.9998440423381181 0.0006503617774627803 0.3114012905194696 0.25860473021630326 0.003936354985051096 0.9659752060064394 14.927453511007204
0.9696193954455062 0.017073735720646712 -0.24402195705393206 -67.19571054933124 -0.017580214559442458 0.9998454508457258 0.0001023677401962382 0.30447313744797017 0.24398599146658634 0.004190700615860962 0.9697697015252712 15.483651625954442
0.9731778779825303 0.016998305336723734 -0.2294250976268667 -67.3281798969445 -0.017561200158806543 0.9998457054105325 -0.00041185082264788103 0.2947186200710349 0.22938269780957712 0.004429784170508945 0.9733262325437455 16.041771606672686
0.9766623649970904 0.01692680218085409 -0.2141123727536989 -67.45713053745577 -0.017523181844518454 0.9998460633271914 -0.0008875512183269712 0.2896127560468149 0.21406438960353089 0.004618767914871635 0.9768086322748253 16.613234916587135
0.9797816518885528 0.01678594691350408 -0.19936435641496686 -67.58862721855446 -0.017400087201046265 0.9998477241672832 -0.0013286997041475177 0.28970835203928 0.1993116945588807 0.00477079277739436 0.9799245317616767 17.214392592605375
0.9823558397397485 0.016666274406114307 -0.18627731860490138 -67.69451725057611 -0.017286400268291244 0.9998491249817237 -0.001705180063546653 0.280604966516315 0.18622079501220035 0.004895157883541174 0.982495726674838 17.78603714892881
0.9844874273042931 0.016528303478456848 -0.17467489992525104 -67.80044048917405 -0.017134386039359243 0.9998512702854944 -0.0019621731678383537 0.2768683863158087 0.1746164891836574 0.0049246819806363735 0.9846242071026701 18.394629865539503
0.9862233560104944 0.016435768603745578 -0.16460060015018135 -67.89862342609136 -0.017018880895894782 0.9998528935193395 -0.0021328417800581343 0.268120075986922 0.1645413314412121 0.004904776387517051 0.9863579945517451 19.021383397530446
0.9876651449833466 0.016412571022982266 -0.15571829981552848 -67.99892251234843 -0.016984225668569605 0.9998530166077507 -0.002341208837958173 0.26114813410591575 0.15565698655525262 0.004957085111171151 0.9877987294199854 19.68205430808329
0.9887195358172473 0.016449831107760122 -0.14887270585923953 -68.09607508697 -0.017023292098210154 0.9998517684375806 -0.0025785031286611588 0.25699721794707286 0.14880822228447008 0.00508371997376592 0.9888530066555713 20.356061574990065
0.9893371375429565 0.016551310437941977 -0.14469997374254917 -68.190038271024 -0.017113308707756684 0.9998500713845158 -0.0026399654267876536 0.2551146117444276 0.14463458418850011 0.005088111159210979 0.9894720552807191 21.00568648971702
0.9899210982510089 0.016656162031756454 -0.1406370914939808 -68.28232108257188 -0.017202422395079506 0.9998484642642741 -0.0026693018032327297 0.2522030514663292 0.14057131962550354 0.005061696824914425 0.9900576161638253 21.66941530258697
0.9904657848337839 0.01675760989155053 -0.1367359191445952 -68.37767455348487 -0.0172857607061717 0.9998470089866739 -0.0026760226482123654 0.2491486419682488 0.13667015603416643 0.005014093250766538 0.9906039205042894 22.367257768413026
