1.0 0.0 0.0 0.0 0.0 1.0 0.0 0.0 0.0 0.0 1.0 0.0
0.9998471004485995 -0.00020057329625207745 0.017485293674431794 -0.013399356976151466 0.00020349155568242367 0.9999999656634664 -0.00016511890526506347 -0.008738604374229908 -0.017485259955604317 0.00016865176826989485 0.9998471069322878 0.11881683766841888
0.9992063263747099 -0.0001673373319623656 0.03983326914746273 -0.028661052102293052 0.00016629989148706455 0.9999999857412263 2.9358020370072354e-05 -0.008761579893029892 -0.03983327349218196 -2.2710451346815856e-05 0.999206339955433 0.29942618660313725
0.9976973002676277 -0.00014033654540807845 0.06782387001890494 -0.02707357156278637 0.00011543044104242895 0.9999999244668534 0.00037113622982982693 -0.006866392559737802 -0.067823916979931 -0.0003624526753032375 0.9976972411075202 0.5558686620817908
0.994749116036955 -0.000277139682452009 0.10234314504300199 0.005038458263541011 0.00021254400501580077 0.9999997712843323 0.0006420719035924597 -0.0073672803863765995 -0.10234329957912469 -0.0006169480365974115 0.9947489474266247 0.8941119157917754
0.9901074336412421 -0.0003539833302448926 0.1403108853373654 0.04228985006023223 0.0002730268113239138 0.9999997849838177 0.0005962287135201911 -0.007488642570524282 -0.1403110662232801 -0.0005520218477889994 0.9901073173990614 1.2397536657867256
0.9839110433390045 -0.00047163215415580204 0.1786584348936892 0.10380041855273262 0.0003794558411666277 0.9999997766977498 0.0005501070034248693 -0.007389065762472478 -0.17865865444700973 -0.0004734633689937582 0.9839110025930303 1.600500513314647
0.9752965355611664 -0.0005886689591577267 0.22089889359442877 0.18541300012247078 0.0004969184959858424 0.9999997656526702 0.0004709210259987207 -0.006423642368336843 -0.22089911904395318 -0.00034951889920958185 0.9752965995235215 1.9645182715785576
0.9642743693234411 -0.0006186384158768668 0.2649048092285038 0.26869721484849274 0.0005275932452504415 0.9999997747757284 0.000414841969239261 -0.015933724309512294 -0.26490500620268986 -0.0002602594902737671 0.9642744785348986 2.3461733518776593
0.951230849246104 -0.0007419726546924392 0.30847904453806085 0.37202053774769284 0.000681702694750263 0.9999997216903319 0.00030315127263721623 -0.036055460766957224 -0.30847918361531496 -7.807584658515364e-05 0.9512310903141207 2.7382325198405706
0.936315181947942 -0.0007579066463692342 0.35115994309047716 0.49020706329625585 0.0008061343506844754 0.9999996750344192 8.857983096434148e-06 -0.060888782666075586 -0.3511598356891067 0.00027478822865500995 0.9363154886523178 3.1480624005699576
0.9182731563055281 -0.0008549492333201429 0.39594656138233 0.6349123588093896 0.000921738567578936 0.9999995749662551 2.1571310453623493e-05 -0.0841117438063464 -0.3959464115340556 0.00034515086099045917 0.9182735540481318 3.5464372773993382
0.8973645536591437 -0.0011744759087544455 0.4412884299893496 0.808714305512976 0.0012707054236597158 0.9999991896523237 7.747529588934235e-05 -0.10388661231000222 -0.4412881633851644 0.000491224017070398 0.8973653188947706 3.9552619790415724
0.8747316626350679 -0.0014608641619428353 0.4846053902502424 1.0068394091710338 0.001658591560385451 0.9999986243214731 2.0717060141934793e-05 -0.11918406377515045 -0.48460475385382384 0.0007856405419234852 0.8747328822624729 4.363164939398177
0.849935588732608 -0.0015843670166031613 0.5268842233232188 1.2174885234634885 0.0019618957310220298 0.9999980630366451 -0.0001577596211016143 -0.13793231494786964 -0.5268829528186458 0.0011677774249199148 0.849937050801405 4.7686155132162895
0.8226206663260187 -0.001810571859283897 0.5685876899501775 1.4556181955779266 0.002240112132592707 0.9999974893425746 -5.662314216302742e-05 -0.15444981030363136 -0.5685861599010039 0.0013202795496358756 0.8226226568913236 5.146659163539221
0.7930310478101402 -0.0019764082899252143 0.6091780125869798 1.7142818172543657 0.0024023347326609973 0.9999971075447112 0.00011700445772340381 -0.16990668002452547 -0.6091764818153955 0.0013706613303042514 0.7930335019975728 5.526215025313617
0.7620032866195716 -0.0019538363208473864 0.6475702075486506 1.9710369201677866 0.002391613516900999 0.9999971194973529 0.00020293295009941748 -0.18660021301142965 -0.647568738718722 0.001394102086576576 0.7620057644884424 5.867815688873011
0.7294182291346033 -0.0021822539731835874 0.6840645326091215 2.271172823264348 0.002638680986692159 0.9999964478022414 0.0003764911006852861 -0.20105345717928175 -0.6840629242758223 0.0015304086039193477 0.7294213963688722 6.203750606324241
0.6955804386689631 -0.002264745235832954 0.7184446563724372 2.5757051077970594 0.002791966657268185 0.9999960015793785 0.00044916304318629984 -0.21330063181415032 -0.71844280096837 0.00169344449907093 0.6955839805389794 6.543518998351041
0.6609869952613717 -0.0021221374096347663 0.7503943554079799 2.8818830208291972 0.002649031401161923 0.9999963689889825 0.0004946124597667312 -0.2254471755665651 -0.7503926803534122 0.001660885807130351 0.6609902168189458 6.866612207510876
0.6261562924768866 -0.002073044309254732 0.779694812012297 3.2199155589390913 0.0026043806071024828 0.9999964477040463 0.0005672573848533602 -0.22833832451743616 -0.7796932182552647 0.001675430266883327 0.62615946718082 7.168153712184545
0.5919610387614758 -0.0019304631666229337 0.8059642683769527 3.5774387128231018 0.002635170033262644 0.9999964222501849 0.000459745281824489 -0.23654183197947634 -0.8059622723597734 0.0018517015933128846 0.5919640079716667 7.462478738667419
0.55767027029384 -0.0018735157542924812 0.8300604553700373 3.954477913151691 0.0026569745162430907 0.999996358841907 0.00047200566338706355 -0.2351194832954183 -0.8300583172987392 0.0019422259509780369 0.557673217611838 7.738920650223508
0.5240770317975244 -0.0016440110424789695 0.8516692796913532 4.3476469051056394 0.0026102870177080804 0.9999965406790693 0.00032408575666498924 -0.2356330982254475 -0.851666866294551 0.002053255362758289 0.5240795101875612 8.005231748590445
0.4920793901163166 -0.0013328939213847824 0.8705493077457176 4.772537904019901 0.0027130212654064892 0.9999963197480326 -2.4499860439138542e-06 -0.23198094423420246 -0.8705461006393437 0.002363024372137313 0.492081195309727 8.258290636228564
0.46390908848085144 -0.0008831414834836351 0.8858823723756928 5.239858314584989 0.002790938936009927 0.9999959973832533 -0.00046462600683601964 -0.23242613087734068 -0.8858784161975727 0.0026879878331039623 0.46390969642451796 8.509794223045885
0.4403803779037821 -0.0006710875339634168 0.8978110449303037 5.761026632078501 0.0030503753856113603 0.9999950672752006 -0.000748755815810681 -0.22679777489879457 -0.8978061137948035 0.0030683980815097768 0.44038025269746695 8.772910894951133
0.4214726527722385 -0.0003210518210898179 0.906841055472711 6.3022516011275345 0.003244169646245842 0.999994072080554 -0.001153762131314763 -0.22620906835945542 -0.9068353093745508 0.0034282254122874967 0.421471195862878 9.028036069356148
0.4084462698607026 -0.00025103325581262597 0.9127823298131832 6.897085123325813 0.0033975978055486127 0.9999934527343088 -0.0012453182985747353 -0.22284492756378096 -0.9127760409684452 0.00360991285455895 0.4084444485644933 9.29155077529175
0.39890841744775896 -0.00028214636574468003 0.9169907278063136 7.525936388411765 0.0033653681423838474 0.9999936685977014 -0.001156313873512661 -0.21840605540640792 -0.9169845957193554 0.0035472747195765715 0.39890684132447957 9.563676817401944
0.3897292131842498 -0.00030041933970473907 0.920929449056227 8.207695923611253 0.0033622313702665195 0.999993746353932 -0.0010966554783581402 -0.21644814368951146 -0.9209233604328849 0.0035237765601338258 0.3897277860350173 9.84862147484024
0.38145805109280223 -0.0003553441325009366 0.92438608221188 8.922834691997267 0.0034091645094634945 0.9999936661066773 -0.0010224205946330481 -0.21630815297176526 -0.9243798639378876 0.0035413947919446134 0.38145684640480554 10.140863521644889
0.37378701664456193 -0.00042249017623181953 0.9275144676445801 9.662612877765179 0.0035012055184637514 0.9999934142911217 -0.0009554759548086332 -0.21710790078173514 -0.9275079556251118 0.0036045632791957077 0.3737860342170252 10.435194215615956
0.3657399182075794 -0.0004414911653224669 0.9307169909887022 10.395795948648868 0.003560308433026218 0.9999932345194232 -0.0009247265763913052 -0.21864278368771145 -0.930710285982364 0.003651848974191596 0.3657390156459865 10.722112891789058
0.35746621634459097 -0.00045446564997134626 0.9339259593957407 11.113898636976439 0.0035961104883942448 0.9999931380818116 -0.000889819444483408 -0.21987586554890967 -0.9339191464798419 0.0036765813280160127 0.35746539774935066 10.995913855604032
0.34939576458177274 -0.00044424351940747047 0.9369751343232186 11.86468037515955 0.003641935258836433 0.9999929774479805 -0.0008839469952769488 -0.22409575359600936 -0.9369681616788735 0.003721250114609285 0.34939492883797835 11.26842499742351
0.34143919006432993 -0.00043142648322019563 0.9399037681376768 12.624277042022237 0.0036490103264700978 0.9999929668659727 -0.0008665692266350217 -0.22408455447779932 -0.9398967838075895 0.0037255992506994755 0.34143836295643737 11.542541336398187
0.33238400146375713 -0.0003116715602466696 0.9431440920833781 13.408322708161464 0.003735244180326276 0.9999925379268715 -0.0009859216427007625 -0.228070116175945 -0.9431367469894563 0.003850578061894149 0.3323826853594139 11.813540679026978
0.3224934122953813 -0.00019247835600138478 0.94657168876856 14.17340062194261 0.003827494807159908 0.9999920693707861 -0.00110067208193428 -0.23637550485648368 -0.9465639700039199 0.003977957718887497 0.3224915914296133 12.067211584230394
0.31197899778806726 -4.6032118969001584e-05 0.9500889973156182 14.955284978972209 0.003969834476581384 0.9999913325096679 -0.0012551174308633554 -0.2471842275994432 -0.9500807046527051 0.004163266335551266 0.3119764764530138 12.323491965385564
0.2999703379922096 3.414925432194537e-05 0.9539485285688467 15.723409579907955 0.004193465141513383 0.9999902901268467 -0.0013544379386314935 -0.25269323697819546 -0.9539393121026859 0.004406641107592205 0.29996728211457113 12.56210015764451
0.2875003480785584 0.000142229377027964 0.9577805226801763 16.478308929919958 0.004509511637528119 0.9999887038864955 -0.0015021332150464265 -0.26244484345940045 -0.9577699171301519 0.004750986235410234 0.28749645905696375 12.782068441634198
0.2734155735458177 0.00010661324786405803 0.9618959989397121 17.237430124824687 0.00489507947943443 0.9999868906434979 -0.0015022443333247263 -0.26633562637736274 -0.9618835492612924 0.005119294361761804 0.2734114673632697 12.991718996389588
0.2550756964165794 8.377832826002761e-05 0.9669210836871789 17.967329917371636 0.005343778495007217 0.9999846023767961 -0.0014963424459269407 -0.2628683160422412 -0.9669063207617338 0.005548692684849126 0.2550713211642893 13.18568725757264
0.23205022413978518 5.4903649259193825e-05 0.9727038040751483 18.681548080672503 0.0058205751380374935 0.9999820162613424 -0.0014450117511638557 -0.2558622128245854 -0.9726863905605638 0.005997010879416502 0.23204573143838364 13.359320705399492
0.20460415281964517 -9.564453726076828e-05 0.9788447943883022 19.423824528969252 0.006364760202670418 0.9999789849285649 -0.001232691687999038 -0.25118835642525517 -0.9788241059947989 0.00648232623042464 0.20460046180330282 13.527267774351314
0.1744830760572048 -0.0001414950133048207 0.9846601627712865 20.157629742647295 0.006923417001494286 0.9999754462479152 -0.0010831427902743915 -0.2533722214694692 -0.9846358324104596 0.00700620299748112 0.17447977147199376 13.669154595693366
0.14264485709814864 -0.0002042415659684634 0.9897739151083095 20.88406973568032 0.007362800615617207 0.9999725288897886 -0.000854770643595311 -0.25909076437148826 -0.9897465503403098 0.007409436627788663 0.1426424422754865 13.791235245405595
0.11138800947198696 -0.0002646785701698688 0.9937769575166867 21.629615091203483 0.007931209474265302 0.999968353613247 -0.0006226461957223558 -0.26333213920468007 -0.9937453432656396 0.007951208541109716 0.11138658366514352 13.879945099704472
0.08025239743576101 -0.0002929026190961892 0.9967745316338436 22.372223354325893 0.008522791943974754 0.9999636033778917 -0.00039234803409240337 -0.25794974859863523 -0.9967381374881231 0.008526788818533257 0.08025197286766121 13.941928153344616
0.05023189559389074 -0.0003026781735314886 0.998737535617325 23.150488016842086 0.00907136680302185 0.9999588425701291 -0.00015319964316041845 -0.25337069874786255 -0.9986963837770566 0.009067610034011114 0.05023257388290643 13.989097554568689
0.0202726882108616 -0.00011750370695548079 0.9997944810337692 23.914734761744295 0.009597662008878826 0.999953938409869 -7.708795794876441e-05 -0.2496048865419605 -0.9997484198520491 0.00959725228744084 0.02027288217947099 14.01680902638481
-0.007036651763034155 0.0001467623856668894 0.9999752316896494 24.70104892538293 0.010136343280469178 0.9999486231077542 -7.543079594974455e-05 -0.23848339104467117 -0.9999238671403273 0.010135561440129684 -0.007037777875656105 14.01669746675051
-0.03473464697077128 0.00044456490714903 0.9993964712074279 25.49677839746751 0.010810434024054752 0.9999415631643725 -6.908401294718712e-05 -0.2282509064103471 -0.9993381003524424 0.010801510007059993 -0.03473742312751342 13.994682699047551
-0.06091649144950359 0.0006175702163936345 0.9981426750101964 26.33967748940291 0.011358619533406333 0.9999354860223637 7.453531149907824e-05 -0.21178739893917373 -0.9980782348251958 0.011342063315162892 -0.06091957622945936 13.96264453709419
-0.08602243576352653 0.0011309035521391464 0.9962925582390275 27.163053475388235 0.011862645416526861 0.9999296302096878 -0.00011078103158747367 -0.2118108838205287 -0.9962225746232779 0.011809135695340475 -0.08602979789059868 13.906735666104247
-0.1087618588622561 0.0016651081315725027 0.9940664391637699 27.983769644834464 0.012262410743590042 0.9999247582736778 -0.00033327778335974327 -0.20028051934258648 -0.9939921988323565 0.012153403072208416 -0.10877409367207883 13.831550372798624
-0.13058785307503845 0.0023791328859985245 0.9914338870322938 28.804404196548266 0.012730956369642636 0.9999186969791298 -0.0007226212506703284 -0.1932900154154922 -0.9913549996742675 0.012527536001481907 -0.13060752452506344 13.73120002640448
-0.15191381090744357 0.003170758082479041 0.988388658549237 29.628201266392534 0.013275102508217639 0.9999112005196646 -0.0011673597209141424 -0.19378435357528023 -0.9883045915652595 0.012943622696296932 -0.15194241317855262 13.618667346940226
-0.1741390403060084 0.0038170214257982706 0.9847136766536441 30.44629156240287 0.014038629205323113 0.9999004828980257 -0.0013932660654448247 -0.19752815808255939 -0.9846209989286935 0.013581408164423464 -0.1741752962418419 13.48854112181082
-0.19715349169810745 0.004400630888126755 0.9803627569216565 31.241143358296917 0.014623351900771735 0.9998918755678861 -0.0015474987948414715 -0.19427496655201867 -0.9802635657262954 0.014031094794074522 -0.19719652656284056 13.356807803276102
-0.2202735278810505 0.004982354184830426 0.9754254195281221 32.00529195659509 0.01506031840417222 0.9998851310355007 -0.001706324612568216 -0.1906747663677308 -0.9753218749338094 0.01431435925549613 -0.22032326112942185 13.215580254025912
-0.24351614394374016 0.005903150733002125 0.9698788792680225 32.76581953346121 0.01557447932097074 0.9998763441728321 -0.0021753062892072607 -0.20200425812336992 -0.9697717892538702 0.014575636349561785 -0.24357797025255157 13.053739085663546
-0.26566410331189505 0.006903210065224147 0.9640409378767495 33.51968373026063 0.01611479748041493 0.9998664514289114 -0.002718935291762371 -0.22269789546709365 -0.9639309609684983 0.014813000970463982 -0.2657398680826738 12.872362708672675
-0.28586819581856754 0.007894471905307354 0.9582364279929949 34.29150250577434 0.016630403878560646 0.9998563382493807 -0.0032760539335057784 -0.24873707838645495 -0.9581246287859809 0.014999339181297193 -0.28595841574930286 12.661233614482477
-0.30136291931862796 0.008468902251164062 0.9534719023413407 35.077078851565815 0.016841875502300208 0.9998518361592803 -0.0035576619400908105 -0.2632223245740588 -0.9533607617734852 0.014986107685959671 -0.3014609004284063 12.425943065667969
-0.3137913390158743 0.008766216245687552 0.9494514990305505 35.82402512547098 0.017119376411444558 0.9998470664590027 -0.003573603868545587 -0.269053559168489 -0.949337623035087 0.015132651653291066 -0.31389342195087816 12.180098039873053
-0.323320891796507 0.008879764681275062 0.9462477216390629 36.54836473872686 0.017231995935806394 0.9998454104652387 -0.0034947800597684023 -0.2765589666179046 -0.9461324744685495 0.015175801487993433 -0.323423925839164 11.925240484238998
-0.33296378621099815 0.00889127385537762 0.9428976945147688 37.25524376166746 0.0173114238357325 0.9998446502380777 -0.0033151161480575887 -0.2825478872167331 -0.9427806911879438 0.015219087999093725 -0.3330659809762313 11.67061130419569
-0.3440218525388042 0.008969280794203756 0.9389188021217836 37.95314328785495 0.017331714642671296 0.9998446708426432 -0.0032009147303670407 -0.2837552467568968 -0.9388016705584387 0.015171888135653901 -0.3441238689296119 11.41465937863921
-0.3524760591820771 0.00896821796850941 0.9357778575975942 38.63268790302321 0.017290093438812115 0.9998458031341828 -0.0030696292671198817 -0.28496194243311035 -0.9356610926892017 0.015097715768609441 -0.35257676980513053 11.153618321255092
-0.359987560015272 0.009003892963213791 0.9329136543891717 39.29707395481552 0.017316210335943306 0.9998456580221866 -0.0029679949092730304 -0.2883875741242787 -0.9327963901591028 0.015086087819149477 -0.3600879121276641 10.888699553726282
-0.36302531208598976 0.008861865256578097 0.9317371357464749 39.974269892579976 0.017219419849121027 0.9998478125043712 -0.00280060891287827 -0.28676341567453073 -0.9316201556240237 0.015027281004807588 -0.3631226603513927 10.62033998127302
-0.3623059899174469 0.008779666044431892 0.9320178577334707 40.687779744848214 0.017168689029952652 0.9998488402080108 -0.002744604104021993 -0.28499476108297833 -0.9319010708154231 0.015007138262949445 -0.362401959175478 10.338250645575938
-0.35875670619558525 0.008646529675015745 0.9333910559268683 41.42651125317205 0.017205941292652138 0.9998484579372083 -0.002648913894371008 -0.2806753352842084 -0.9332725118334564 0.015109556087624031 -0.3588511111462613 10.045334899967346
-0.35194126000777165 0.008451058892340801 0.9359839363513355 42.165081460028674 0.017245829018750856 0.9998480455886453 -0.0025430521074992635 -0.27005473585647494 -0.935863200946377 0.015246813967633817 -0.3520335264974602 9.75620490898605
-0.34414778831551796 0.00830848489024867 0.9388787295899117 42.95406593017677 0.01740498718870682 0.9998454753376993 -0.0024681709199925773 -0.25700670377041823 -0.9387541564320763 0.015491756696961635 -0.3442392180678191 9.45555315932992
-0.33586146538690004 0.008167900620346455 0.9418759798761304 43.774593265626095 0.017585086224637704 0.9998424900712352 -0.002399956379434433 -0.24812696298000458 -0.9417472276628358 0.0157569174525754 -0.33595219710809493 9.148270152845992
-0.32892784835263417 0.00803069199985577 0.9443209086767647 44.59726291525937 0.017674136031364064 0.9998410466669708 -0.0023465539499835466 -0.24157259734294312 -0.9441896501729153 0.01591820925540301 -0.3290174997176436 8.850339466746986
-0.3241528069467626 0.007895790183879632 0.9459717830072457 45.40922561462695 0.01777550093729177 0.9998394618676516 -0.002254342172852977 -0.23180655716604828 -0.9458377182767478 0.016084370972348123 -0.3242411196863538 8.565106404620842
-0.3228531939076849 0.007829277804484105 0.9464166722922137 46.26949429355434 0.017800437439923843 0.9998391416610146 -0.0021989155309228526 -0.2224926842575707 -0.9462816491988816 0.016136703864946814 -0.32294062484893493 8.271464761062957
-0.3236402620854326 0.007986091743899758 0.9461465019202527 47.138345150723765 0.01774900247503959 0.9998396697790481 -0.002368047141454162 -0.21943846184318272 -0.9460137174842733 0.01602676120684175 -0.32373011793283163 7.980982306009055
-0.3249817662903717 0.008216312261867136 0.9456845900148771 48.01936008185683 0.017577665360110194 0.9998419988272776 -0.002646329828495189 -0.21258216455580067 -0.9455569138128489 0.015762918317643267 -0.3250748423776174 7.687328878816353
-0.32591466171283473 0.00849272075523126 0.9453610458310532 48.928930794800806 0.017485893775633966 0.9998427467134604 -0.002953872602074167 -0.21189715727209138 -0.9452374711147864 0.015567772437176226 -0.3260119133741408 7.380642137373534
-0.32677355270877206 0.008787353090054824 0.9450618115635392 49.86670941563784 0.017366132914040988 0.9998437777262651 -0.0032920464276234235 -0.2084582579531207 -0.944943100232866 0.015336315324760062 -0.32687510574309575 7.063913936434005
-0.32777789791431167 0.009096387865067179 0.9447110168547224 50.79781217183483 0.01728307649293406 0.9998440444947613 -0.003630696255004205 -0.2063471701439367 -0.9445967101921409 0.015137450781587052 -0.32788399271391744 6.7496451409338825
-0.32882150119326753 0.009463766384687967 0.9443446709114327 51.75265200131185 0.01722294332921869 0.9998435809825892 -0.00402290827511336 -0.2041335100256495 -0.9442350293100151 0.0149415760121717 -0.3289330611692715 6.433337237456939
-0.3299374165628679 0.009960091556564006 0.9439502623168265 52.70587337196359 0.017059263695122888 0.9998439575822163 -0.00458715690923689 -0.2080457330148433 -0.9438486545384283 0.014589621739941045 -0.3300558441589609 6.114148038978133
-0.3310869595083693 0.010414373128590424 0.9435427738453843 53.644011036603914 0.01696544275206241 0.9998431578829768 -0.005082655489186846 -0.2133056046399295 -0.9434477192699817 0.01432481996165265 -0.33121171557983276 5.800433834200152
-0.3316283532075369 0.010902836299864943 0.9433471065888078 54.55722673706076 0.016881067483947295 0.9998417025495083 -0.005621334672625712 -0.22079760189059106 -0.9432590656386293 0.014060512206800805 -0.33175990880005757 5.488835752234837
-0.33120704195504336 0.011277867557988496 0.9434907021601935 55.47580804248058 0.016769910552081883 0.9998409835687336 -0.0060644601063169126 -0.22737902206860752 -0.9434090658136933 0.013813662789079794 -0.33134350342338686 5.172575048743606
-0.33030580130550946 0.011373427384873085 0.9438054475226589 56.39488537668764 0.016616252897371467 0.9998425095378918 -0.0062334790141545275 -0.2278896084419069 -0.9437277031875116 0.01362355572126198 -0.33044276503796155 4.853400076169698
-0.32838998375300005 0.011415045150080776 0.9444732475379736 57.28281233831987 0.016528576171688184 0.9998433099397938 -0.006337328962033303 -0.23195902126971973 -0.9443975988641867 0.013529682659173587 -0.3285272027499408 4.5406527343702745
-0.3263497794911797 0.011469706522190403 0.9451794894401557 58.16924026694884 0.01643546022239887 0.9998440711441913 -0.006458254027682752 -0.2370317179028477 -0.9451061829621773 0.013426810123888676 -0.3264874020487781 4.229797670348999
-0.3242947734330128 0.011509417568583315 0.9458860572136917 59.025115416763576 0.016418362765481153 0.9998438404852065 -0.006536972379698195 -0.23914966955182737 -0.9458135848507001 0.013409994445332975 -0.3244330975114036 3.9320915503093055
-0.32355237691002847 0.011569995001541203 0.9461395217469437 59.906323418678895 0.016280755615572462 0.999845284089429 -0.006659195200181719 -0.24313610367332456 -0.9460701857644904 0.013249267896469963 -0.3236906864705107 3.625967662649561
-0.32484558522445894 0.011616244397777102 0.9456957272961901 60.75211343712074 0.016213940341274248 0.9998460173165977 -0.006711914387607226 -0.24909153415586918 -0.9456280737683229 0.013153118346159669 -0.3249839097232096 3.337612626148335
-0.3285045307816929 0.01187377913516483 0.9444277561703432 61.635785180631565 0.01621611156838095 0.9998444944522452 -0.006929981178551319 -0.2579770798064262 -0.9443631774807307 0.013038415646948014 -0.3286459930318877 3.0400110638519022
-0.33467735022499284 0.012288761253741315 0.9422526506161849 62.48440023305451 0.016352957062888064 0.9998401308421876 -0.007231428128350467 -0.2669955873974337 -0.942190878772278 0.012988421933580137 -0.3348248032240118 2.75316829315071
-0.34204631543092584 0.013043415254713302 0.9395925645824477 63.38914082289391 0.01650666975223286 0.99983277751084 -0.007870633306732584 -0.2856398696974317 -0.9395381035135398 0.012817423042540193 -0.34220442094270204 2.4467274536426387
-0.34927811405591314 0.01387308670528427 0.9369163978214986 64.29152317836508 0.01662901363128682 0.9998246964649355 -0.008605361378179993 -0.3071972211215698 -0.9368715359894311 0.01257433115780955 -0.34944758011572846 2.1262042394515
-0.3561651919295311 0.014521962714178147 0.9343101565629738 65.17229765688771 0.016789896477331964 0.9998172657599208 -0.00913971906764309 -0.3327800837395024 -0.9342721527660349 0.012431721010503065 -0.35634393060445974 1.8106654077519715
-0.3631226484427778 0.015056970396978906 0.9316196808947134 66.08699159500767 0.016950790037322448 0.9998106963391739 -0.00955207845895382 -0.3501759830637342 -0.931587147241209 0.012323113577335119 -0.3633091355398959 1.4795790476123174
-0.3698232074617099 0.015800640165535687 0.9289677793083528 67.00494403113682 0.017055000106694085 0.999802362302343 -0.010215836040879913 -0.3749311640222473 -0.9289455970045255 0.012065492323678196 -0.37001959637415593 1.1413090710658627
-0.37507390093860976 0.016229567937013283 0.9268528307985427 67.89765550848362 0.01715547764405919 0.9997970202617118 -0.010564462248771823 -0.39709695621090746 -0.9268361551113005 0.01193814895113186 -0.3752761945262745 0.8042664623493043
-0.3788054974265998 0.016471050717692524 0.9253297248049702 68.80361752260642 0.017192631344608356 0.9997943147625157 -0.010758326821550786 -0.40860922888266643 -0.9253165990874881 0.011833539487664285 -0.37901076343074874 0.4507313143709033
-0.38175699523043444 0.016639649100255234 0.9241129361016709 69.7483852558472 0.017262310891373638 0.9997918936119252 -0.010871158658093351 -0.41772097277419395 -0.9241015145617499 0.01180218393774011 -0.3819647879569266 0.07089292227402488
-0.383183498441575 0.016815502432843066 0.9235191635261323 70.71366007638711 0.01719481024253331 0.9997908765974085 -0.011069849741884434 -0.4244996645820368 -0.9235121791415636 0.011637953020857095 -0.3833925051780295 -0.3261730204436711
-0.3847056511136707 0.01694558966091964 0.9228837461957227 71.66098501250762 0.017173304436765836 0.9997898080925405 -0.01119898428441343 -0.43459982383212953 -0.9228795368930497 0.011540650992215047 -0.38491580086915994 -0.7190059938497044
-0.3866333145496731 0.017016073182661875 0.922076533338625 72.5519992002454 0.017172650108902728 0.999789251376084 -0.011249574262441314 -0.4413960665831925 -0.9220736305570026 0.011485037496293812 -0.3868440431816647 -1.0868782571948705
-0.3880132795781867 0.017087260848636144 0.92149537187534 73.42747406777653 0.017096313789740795 0.9997895342612669 -0.011340336698747193 -0.4495113208234549 -0.9214952039624427 0.011353972799372936 -0.3882237452499372 -1.4509052581322088
-0.3893025209785978 0.01712377560220526 0.920950771468722 74.26466354136032 0.017068197467705933 0.999789625003304 -0.011374637179058884 -0.45926126209273 -0.9209518031878287 0.011290794696439763 -0.389512893445404 -1.7968754681799628
-0.3900585348866953 0.017113772740072714 0.9206310108532333 75.13003004258601 0.01703730558424832 0.9997902409405994 -0.011366808627153032 -0.46741079569876753 -0.9206324291379676 0.011251351142797216 -0.39026828915117795 -2.1558322319660013
-0.39052936112074776 0.01709190411521944 0.9204317926475254 76.01091125149972 0.01703919622902243 0.9997905584763614 -0.011336003413611039 -0.4748911562887829 -0.920432769893864 0.01125637575957194 -0.3907388003644756 -2.5250250172122444
-0.3907262949669617 0.01711033983228056 0.9203478683042707 76.90933256679426 0.01707243131934914 0.9997899541538691 -0.011339297237917292 -0.4800804180524848 -0.9203485722867386 0.011282014174233527 -0.3909363396333668 -2.9026374609965138
-0.39023268709720654 0.017136418466335505 0.9205567842795147 77.793996690909 0.017061768278769155 0.9997896883199621 -0.01137871663563073 -0.4893868550779708 -0.920558170885521 0.0112659793723861 -0.3904429942061778 -3.276944441189955
-0.38987169456773757 0.017103108151059008 0.9207103482998626 78.72609017447623 0.017060767287125835 0.9997900571550196 -0.011347767777684866 -0.49449210508488645 -0.9207111338495131 0.011283851538145363 -0.39008163594305423 -3.666046548317791
-0.38971143681865383 0.01716844780216583 0.9207769764784549 79.6402541052121 0.017020940615117327 0.9997897110470606 -0.011437712402855666 -0.501581892064001 -0.920779715020546 0.01121508290197165 -0.389921707939151 -4.045977938103563
-0.38849935894443033 0.017239855554086587 0.9212877050521413 80.56684606188446 0.01700026010598467 0.9997888879231098 -0.01153996281618667 -0.5087508223256922 -0.9212921573833659 0.011178862462001006 -0.38871042406650197 -4.435387998487088
-0.387664494947982 0.017267353225758394 0.9216388001105983 81.50363559312726 0.017060031014868915 0.9997876888167118 -0.011555632060096297 -0.5166249926151423 -0.9216426610669118 0.011243478248011442 -0.38787677102191676 -4.8276972287050866
-0.38615368096778296 0.017290636261541405 0.9222723939122883 82.46977836916575 0.017070505276603472 0.9997870370466159 -0.011596482360995412 -0.5233704249223076 -0.9222764946178743 0.011265631416769091 -0.3863666044369623 -5.2277962735277566
-0.3828917153504465 0.017302187574534732 0.9236311864706218 83.4099378167166 0.017132141476995075 0.9997856325563284 -0.01162663590008916 -0.5348667406642293 -0.9236343562494878 0.011372037595639293 -0.3831060593576121 -5.618089686993841
-0.3768715729399613 0.017274822611850312 0.9261044206856421 84.31558512372612 0.017220471980323792 0.9997839428340938 -0.011641434442846352 -0.5420895913838497 -0.9261054329041241 0.011560629517518151 -0.37708762773475357 -6.00082600254756
-0.37067712937540015 0.017188250553038843 0.9286027298048067 85.22322494220845 0.01732959313996239 0.9997826758319882 -0.011588196918918034 -0.5490853608458279 -0.9286001028212397 0.011796827927634333 -0.3708944376655293 -6.373907967852312
-0.363188479607821 0.0171695051685251 0.9315574788344664 86.18169940433482 0.017416455049024938 0.9997806027424321 -0.011636729502002393 -0.5511553620630226 -0.9315528945656737 0.011998102860263754 -0.36340782896639634 -6.760534760772282
-0.3549997701469385 0.017100121023393665 0.9347099812544027 87.19535618396678 0.017371021992390982 0.9997807353966792 -0.011693105858307679 -0.5558137256998003 -0.9347049859664606 0.012085817748874544 -0.355218977841528 -7.157619844667634
-0.3466488099683413 0.01691411225627935 0.937842478966545 88.207748634797 0.017352980204379923 0.9997819344583411 -0.011617125666968927 -0.5667470491507395 -0.9378344612060062 0.012247299184625597 -0.3468667280629878 -7.551615961036698
-0.3385468954595216 0.01686521349210081 0.9407983652986357 89.2139877730739 0.017390842421923396 0.9997807255105798 -0.011664454440428396 -0.5805647645058173 -0.9407887957318456 0.012412311283675632 -0.33876596103212797 -7.932873120257015
-0.32996696938468695 0.01682001742183154 0.9438426172455946 90.22480787831171 0.017463843115051492 0.9997789031036428 -0.011711494034840179 -0.5979874248645178 -0.943830924105975 0.012618713199233604 -0.3301877568573027 -8.30645140572476
-0.32126475169165314 0.016833121330520662 0.9468397991987726 91.20331700435887 0.017516576736383117 0.9997765755284563 -0.011830831079407769 -0.6202691879171179 -0.9468274018320022 0.01278456299069505 -0.3214878319457795 -8.656542858371186
-0.31161985666331316 0.01688765386029511 0.9500567730826567 92.16123317180912 0.017431477604790094 0.9997753986108252 -0.012053875769956122 -0.6442328208499484 -0.9500469506933069 0.012804666323598363 -0.31184424317067505 -8.990698120828394
-0.302977829297865 0.017065845501436184 0.9528447889720941 93.13921785701736 0.01754306649346053 0.9997701030087756 -0.0123280958718975 -0.6674049128832107 -0.9528361222014836 0.012980679764241335 -0.3032075628689002 -9.306259953046117
-0.29278567762793933 0.017323249264337336 0.9560211566753497 94.11304900634337 0.01742951584288773 0.9997664393725763 -0.012778054693962952 -0.6999591135197615 -0.9560192252007444 0.01292175449407005 -0.29301923026887455 -9.614345640621153
-0.2848381272807197 0.017576245146526333 0.9584144807199864 95.139551866142 0.017357643626185613 0.999762526022683 -0.013175878281502797 -0.7284756537040479 -0.9584184646880294 0.012882824507531306 -0.2850755678372824 -9.930684750659532
-0.2768048870997367 0.017923040032672345 0.9607589807614023 96.22440648426911 0.017230386645078807 0.9997578700359748 -0.01368630984561536 -0.7689158335597708 -0.9607716525032176 0.012765811259623224 -0.27704668525199916 -10.25278684638254
-0.2688912683136423 0.018301786719620287 0.9629966409222568 97.25680106367373 0.01718697142721225 0.9997514345532769 -0.014201307046302684 -0.8132892075753666 -0.9630171825247157 0.012732388288640416 -0.26913898352083065 -10.544302205513528
-0.2637213587000855 0.018671920859252088 0.9644181688130965 98.28328579548274 0.017228229821777324 0.9997443265301246 -0.014644782963019309 -0.8644505117525688 -0.9644450389019528 0.012753075795734358 -0.26397561628900323 -10.820626109494862
-0.2605714063763545 0.01921408785075007 0.9652633635475408 99.3892943406894 0.017202494921522784 0.9997356219098801 -0.015256488879775137 -0.9188599806816053 -0.9653013085806547 0.012629533345590353 -0.2608330472542706 -11.106598302054804
-0.2590495342945757 0.01979462235811414 0.9656611785235351 100.50925440501334 0.01724179545953571 0.9997254324655114 -0.01586758239229417 -0.9672175410890871 -0.9657101321157894 0.01253924269421238 -0.25931970253253095 -11.39534422591147
-0.2579985497124703 0.020411178014848954 0.9659296724701585 101.61557515856238 0.017214681353004004 0.9997152145422803 -0.016527085605014633 -1.0142717884018702 -0.9659919270326107 0.01236420740391769 -0.2582764474029642 -11.676691599989459
-0.2553164638576599 0.02083450142490946 0.9666330362829502 102.70747382356045 0.017235793711164526 0.9997070077644187 -0.01699488281387108 -1.0524763914494648 -0.9667039002188658 0.012321614224056672 -0.2556007572847679 -11.962303026377722
-0.25214517634540756 0.021188508938287363 0.9674574187708289 103.79406023799682 0.0171354464520961 0.9997012632136104 -0.01742873500853462 -1.0801965704692609 -0.967537692558089 0.01218324333182632 -0.2524329258660339 -12.24519840156859
-0.24944347109275292 0.021508060630665213 0.9681504831673154 104.84736057478955 0.017021183716200695 0.9996962572582436 -0.01782337029738457 -1.1035503441996959 -0.9682397606141252 0.012033143885368273 -0.24973379710030336 -12.515483069698092
-0.2457735041051502 0.02187658457468612 0.9690803886815696 105.91389671993956 0.017059922353505473 0.9996880659360616 -0.018240884690919362 -1.126097591304826 -0.9691771477543042 0.01204931003674725 -0.24607005181140998 -12.784261503550068
-0.24112636866709034 0.022300089858726935 0.970237486559716 106.97889322044351 0.016974433336216576 0.9996799468889634 -0.018758262206072362 -1.153669751744468 -0.9703452699664883 0.011946119887650881 -0.2414277268113438 -13.047837982353894
-0.2364239976260032 0.022673255434136865 0.9713854110673877 107.95789610886956 0.016866682236188524 0.9996728390679133 -0.019228360830809983 -1.1854004240646792 -0.9715035812475852 0.011838003121927657 -0.23672907152523942 -13.284661628720619
-0.23152223347697976 0.02292425557781314 0.9725594757710367 108.94053687094886 0.016771495203667976 0.999667797219868 -0.019570696211649523 -1.2158859942308864 -0.9726850324511344 0.011780225285555234 -0.231829795189827 -13.518885542754283
-0.2264812512363478 0.023131300047709077 0.973740820648144 109.91196489447826 0.016669160598872086 0.9996636037703192 -0.01987003728899297 -1.2478036626649598 -0.9738728777018834 0.011731251213737411 -0.22679064315269412 -13.746073226148377
-0.22193599698737188 0.023337172529657235 0.9747819190052419 110.88420846642305 0.016632684001039223 0.9996586909113675 -0.020145855858983912 -1.2715927869141612 -0.9749193643907905 0.011742149023513334 -0.2222484080306686 -13.96951887026776
-0.21739349473089545 0.02366130834193442 0.9757972181433167 111.89781953762824 0.01631725790211519 0.9996545400085979 -0.020604556164904888 -1.305204216970032 -0.9759476500013943 0.011443038396543384 -0.21770448164659134 -14.197763957001557
-0.21162014934583764 0.02385605921502433 0.9770607968952465 112.88707280038012 0.016082942590960013 0.9996516964671108 -0.02092426123048239 -1.3388113453685895 -0.9772196535827866 0.01128601741779791 -0.2119301169309914 -14.415351287942677
-0.20644040437297753 0.02414164361658986 0.9781613059643132 113.93958953603557 0.015800857684581577 0.9996474668232171 -0.02133717343874315 -1.3746626236513078 -0.9783315860886601 0.011050932875236102 -0.20674908595646482 -14.639430964800223
-0.2020015459194254 0.02447232333179148 0.9790794047659802 115.00332393790144 0.015465622764107258 0.9996428220593214 -0.021795477003098092 -1.414759738866239 -0.9792630851608167 0.01073935268154025 -0.20230787514405035 -14.857156398365117
-0.19693523720245434 0.02479724923049532 0.9801028562240869 116.03777767075044 0.015318369274873397 0.9996358881825855 -0.022213478344696704 -1.4561476359432517 -0.980296822350645 0.010638960852094304 -0.197243384176037 -15.07100244276108
-0.19216920415106437 0.025109604296449036 0.9810405214607711 117.07852529835053 0.015179511684320147 0.999629071896063 -0.022611966859155064 -1.506544427936702 -0.9812444035004594 0.010546392382691255 -0.19247907472433975 -15.279827061635707
-0.18710807454153425 0.025228262348696018 0.9820153273855884 118.17664752818912 0.015217193065857311 0.9996246554769144 -0.022781246626441844 -1.5447419292056068 -0.9822214645773916 0.010680961638528238 -0.18742174788940583 -15.494756605609291
-0.1823277497159341 0.02520459053585989 0.982914706523126 119.20904140781789 0.015294966174604921 0.9996231351658778 -0.022795869162126794 -1.5699738117900346 -0.9831188410834376 0.010877327661643517 -0.18264454015847195 -15.688930756474871
-0.1777816652262851 0.025242308366123085 0.9837461590154842 120.27218758145318 0.015269437050673856 0.9996213703356877 -0.0228901782508396 -1.6005226933108612 -0.9839514844754922 0.010951796042168387 -0.1780997876526695 -15.88742967227671
-0.17318123507827277 0.025181584202733642 0.984568000512816 121.31810348852788 0.015321725515126925 0.9996209964401451 -0.022871558828551384 -1.6176104985898996 -0.9847707878201929 0.011124355848740825 -0.1735014240948681 -16.079281831892573
-0.16958480488814956 0.02503962456582243 0.9851974478005161 122.33468217962289 0.015498667570009405 0.9996213067594809 -0.022738389917047214 -1.6338252278784107 -0.985393720933213 0.011413162316728788 -0.16990866508606692 -16.259098154846825
-0.16719711551536684 0.024971315694854404 0.9856072026704191 123.31925010442772 0.015646841279486682 0.9996205053210684 -0.022672046657148504 -1.6536084587734745 -0.9857993208160147 0.011630938660197881 -0.16752438731291314 -16.428529255808062
-0.16468225742368686 0.02495126577900068 0.9860310281253141 124.29124183569033 0.01577495183919786 0.9996187549660279 -0.02266044162492869 -1.674694913597431 -0.9862205153941537 0.011822819299620663 -0.16501307814685126 -16.592929419659104
-0.1619752321020597 0.02490025585313656 0.9864806138206325 125.21126972620667 0.015833590134066933 0.9996184704512246 -0.02263207803578959 -1.6937415133300326 -0.9866677868507467 0.01195369362163973 -0.16230769421025468 -16.74754837203557
-0.1583892400956571 0.02490205098628913 0.9870626811295197 126.12400847261013 0.015957052513555853 0.9996159155224317 -0.022658197398025635 -1.7193030234337925 -0.9872478012621756 0.012161796369144327 -0.15872576858240567 -16.899856315032675
-0.1548273027527334 0.02488180226787958 0.9876281700307129 127.01891655278982 0.016122034672512477 0.9996133101346687 -0.022656350094980012 -1.7464453065205041 -0.9878099950498234 0.012414754025357829 -0.1551685778827594 -17.047734335013605
